version: 1
creator: callgrind-3.10.1
pid: 2524
cmd:  ./products
part: 1


desc: I1 cache: 
desc: D1 cache: 
desc: LL cache: 

desc: Timerange: Basic block 0 - 149973
desc: Trigger: Program termination

positions: line
events: Ir
summary: 712331


ob=(1) /lib/x86_64-linux-gnu/ld-2.19.so
fl=(11) /build/eglibc-oGUzwX/eglibc-2.19/elf/dl-environ.c
fn=(24) _dl_next_ld_env_entry
30 3
+3 11
+2 146
+11 71
-13 213
-2 1
+19 1
-14 22
+5 2
-3 2
+3 2
+2 2

fl=(26) /build/eglibc-oGUzwX/eglibc-2.19/string/../sysdeps/x86_64/rtld-memset.S
fn=(70) memset
30 13
+1 13
+1 13
+1 2161
+1 13
+1 13

fl=(135) /build/eglibc-oGUzwX/eglibc-2.19/elf/dl-fini.c
fn=(640) _dl_sort_fini
32 9
+2 1
-2 4
+2 1
+6 1
-1 2
+2 1
-1 1
-1 2
+1 4
+1 1
cfi=(26)
cfn=(70)
calls=1 -11 
* 14
* 1
+15 8
+62 5
+3 18
cfi=(26)
cfn=(70)
calls=2 -91 
* 18
* 8
-75 4
-1 6
+1 2
+4 6
+71 1
-75 2
-1 3
+1 1
+4 9
+6 3
+1 3
-1 3
+1 5
+2 8
+1 4
-1 4
+1 4
+3 6
-1 9
+31 9
+21 3
-57 6
+61 11
+7 8

fn=(638) _dl_fini
131 3
+12 1
-12 5
+19 1
-6 1
+9 10
+3 2
cfi=(2) /build/eglibc-oGUzwX/eglibc-2.19/elf/rtld.c
cfn=(46) rtld_lock_default_lock_recursive
calls=1 837 
* 2
+3 2
+3 2
+2 6
+7 1
+4 1
-4 1
+4 3
+2 2
+3 9
+3 2
+10 8
+2 8
+2 4
+2 4
-2 8
+6 4
-5 4
-7 12
+14 2
+5 6
cfn=(640)
calls=1 32 
* 219
+9 2
cfi=(2)
cfn=(48) rtld_lock_default_unlock_recursive
calls=1 843 
* 2
+4 4
+2 1
+2 3
-2 3
+2 9
+3 8
+3 12
+4 4
+7 4
+4 2
+1 2
-1 2
+2 4
+1 6
+1 4
cob=(4) /usr/lib/valgrind/vgpreload_core-amd64-linux.so
cfi=(49) ???
cfn=(654) 0x0000000000000630
calls=1 0 
* 769
cob=(5) /home/ubuntu/workspace/pr2/products
cfi=(59) ???
cfn=(642) 0x0000000000400a60
calls=1 0 
* 16
-1 6
+5 6
+1 6
cob=(2) ???
cfi=(14) ???
cfn=(678) 0x0000000004a257e8
calls=1 0 
* 3
cob=(2)
cfi=(14)
cfn=(652) 0x00000000004024a4
calls=1 0 
* 3
+5 24
+16 8
-55 9
-70 2
283 6
-49 4
+55 2
+7 8

fl=(37) /build/eglibc-oGUzwX/eglibc-2.19/elf/dl-version.c
fn=(142) _dl_check_all_versions
380 6
+4 4
-2 2
+4 28
cfn=(144) _dl_check_map_versions
calls=4 174 
* 2505
-2 4
+2 12
-1 4
-1 8
+5 7

fn=(144)
174 36
+15 4
-15 8
+15 8
+2 4
+3 4
-3 4
+2 4
+1 4
+2 4
-3 4
+3 4
+3 8
+4 12
+17 2
56 2
220 2
56 2
220 2
56 10
+1 5
-1 10
+2 21
cfi=(31) /build/eglibc-oGUzwX/eglibc-2.19/elf/dl-misc.c
cfn=(100) _dl_name_match_p
calls=7 288 
* 510
* 16
228 6
+5 14
+19 2
-15 60
cfn=(146) match_symbol
calls=2 76 
* 308
* 6
cfn=(146)
calls=2 76 
* 306
* 4
+7 16
+3 14
+9 8
-73 2
-8 2
+95 12
+3 6
+10 26
-7 104
+3 78
-3 8
+3 6
+8 4
+86 4
-86 4
+87 8
-81 12
cfi=(15) /build/eglibc-oGUzwX/eglibc-2.19/elf/dl-minimal.c
cfn=(32) calloc
calls=3 102 
* 150
* 3
+1 3
-2 3
+2 3
+11 3
-3 3
+3 6
+2 9
+3 8
+4 6
+18 2
-15 6
+2 6
-2 6
+2 6
+2 4
+1 4
-1 8
+1 4
-1 4
+1 4
+1 4
-2 4
+2 8
+1 12
+3 12
+8 6
+10 9
+3 8
+20 26
-14 26
-2 26
+2 28
-2 2
+2 2
+4 26
+2 26
-1 52
+1 26
-1 78
+1 26
+1 26
+3 84
+10 3
-1 3
+1 21

fn=(146)
76 44
+9 4
-8 4
-1 8
+1 4
+8 4
+6 12
+15 4
+1 8
+2 4
+5 8
+14 36
+12 42
+4 14
-30 28
+16 4
+3 16
cfi=(17) /build/eglibc-oGUzwX/eglibc-2.19/string/../sysdeps/x86_64/multiarch/../strcmp.S
cfn=(50) strcmp
calls=4 -2 
* 330
* 8
+35 32

fl=(48) /build/eglibc-oGUzwX/eglibc-2.19/elf/dl-init.c
fn=(204) call_init.part.0
34 32
+8 4
-8 4
+11 4
-3 8
+3 12
+5 9
+5 4
+8 4
+1 12
cob=(3) /lib/x86_64-linux-gnu/libc-2.19.so
cfi=(50) /build/eglibc-oGUzwX/eglibc-2.19/csu/../csu/init-first.c
cfn=(218) _init
calls=1 -12 
* 181
cob=(2)
cfi=(14)
cfn=(206) 0x0000000004a25560
calls=1 -64 
* 6
+3 2
+1 4
+6 2
+2 4
-2 4
+3 10
+1 8
cob=(3)
cfi=(56) /build/eglibc-oGUzwX/eglibc-2.19/string/../sysdeps/x86_64/multiarch/../cacheinfo.c
cfn=(230) init_cacheinfo
calls=1 550 
* 1045
cob=(4)
cfi=(49)
cfn=(210) 0x0000000000000670
calls=1 -78 
* 16
* 4
cob=(3)
cfi=(58) /build/eglibc-oGUzwX/eglibc-2.19/elf/dl-altinit.c
cfn=(238) dlinit_alt
calls=1 -45 
* 4
* 3
-1 6
+3 18
-29 2
+29 6
-34 3

fn=(202) _dl_init
86 11
+1 1
+1 1
+3 3
+7 4
+27 15
+1 12
-90 20
cfn=(204)
calls=3 -2 
* 1344
* 3
+96 8
-96 3
cfn=(204)
calls=1 -2 
* 77
+58 2

fl=(32) /build/eglibc-oGUzwX/eglibc-2.19/io/../sysdeps/unix/sysv/linux/wordsize-64/fxstat.c
fn=(112) _fxstat
34 3
-1 3
+1 3
+1 18
+4 3

fl=(10) /build/eglibc-oGUzwX/eglibc-2.19/elf/../misc/sbrk.c
fn=(20) sbrk
34 4
+8 6
+4 2
+11 5

fl=(21) /build/eglibc-oGUzwX/eglibc-2.19/elf/dl-load.c
fn=(102) open_verify
1873 10
+36 1
-36 2
+36 2
+21 4
cfi=(23) /build/eglibc-oGUzwX/eglibc-2.19/io/../sysdeps/unix/syscall-template.S
cfn=(104) open
calls=1 81 
* 5
+1 1
-1 1
+1 1
+10 1
+1 2
+5 6
cfi=(23)
cfn=(106) read
calls=1 81 
* 5
+2 2
+2 1
+2 1
-2 2
+2 1
+6 2
+16 5
cfi=(12) /build/eglibc-oGUzwX/eglibc-2.19/string/../string/memcmp.c
cfn=(26) bcmp
calls=1 315 
* 88
* 2
+2 1
-2 2
+4 4
cfi=(12)
cfn=(26)
calls=1 315 
* 80
-4 2
+75 2
+5 2
+3 4
+5 2
+7 1
+1 1
-1 4
+1 3
+1 1
+15 61
+2 19
+4 4
+1 2
+13 1
+1 1
+2 1
-3 1
+1 1
-1 1
+1 1
-2 1
+4 2
-7 4
cfi=(12)
cfn=(26)
calls=1 315 
* 80
* 2
-97 3
2154 8

fn=(60) _dl_init_paths
714 1
+13 2
-13 8
+13 3
cfi=(22) /build/eglibc-oGUzwX/eglibc-2.19/elf/dl-hwcaps.c
cfn=(62) _dl_important_hwcaps
calls=1 39 
* 351
+5 1
-5 1
+5 1
cfi=(15)
cfn=(36) malloc
calls=1 93 
* 34
* 1
+1 1
-1 1
-1 1
+2 1
+8 1
-1 1
+1 4
-1 4
+5 2
cfi=(15)
cfn=(36)
calls=1 93 
* 55
* 1
+2 1
-3 1
+3 2
+29 1
-12 1
-10 1
+11 1
+3 2
+8 1
-12 1
+3 2
-14 1
+9 1
+5 3
+9 2
-7 27
cfi=(26)
cfn=(70)
calls=4 30 
* 88
+7 16
-12 3
+12 6
-14 3
+3 6
-1 3
+3 3
-5 3
+6 12
+4 3
-3 3
+3 6
-3 3
-7 6
+25 1
-11 1
+6 1
+1 1
+5 2
+2 4
+2 3
+38 4
+8 3
cfi=(27) /build/eglibc-oGUzwX/eglibc-2.19/string/../sysdeps/x86_64/multiarch/../strchr.S
cfn=(72) index
calls=1 24 
* 47
* 2
+2 2
cfi=(9) /build/eglibc-oGUzwX/eglibc-2.19/string/../sysdeps/x86_64/multiarch/../rtld-strlen.S
cfn=(18) strlen
calls=1 26 
* 80
* 8
cfi=(16) /build/eglibc-oGUzwX/eglibc-2.19/string/../sysdeps/x86_64/multiarch/../memcpy.S
cfn=(42) memcpy
calls=1 61 
* 40
* 1
+17 3
-1 2
+3 1
+1 3
+1 1
-4 3
+2 29
+1 87
+1 29
-4 88
+8 1
cfi=(15)
cfn=(36)
calls=1 93 
* 34
* 1
+1 1
-2 1
+2 1
+6 8
cfn=(74) fillin_rpath
calls=1 486 
* 1339
+4 3
+6 1
+4 8
-75 1
-2 1
+2 2
+14 2

fn=(108) _dl_map_object_from_fd
923 24
+11 2
-11 2
+11 2
-11 4
+11 2
cfi=(28) /build/eglibc-oGUzwX/eglibc-2.19/elf/dl-debug.c
cfn=(84) _dl_debug_initialize
calls=2 50 
* 16
+4 6
-4 2
+4 2
cfi=(32)
cfn=(112)
calls=2 34 
* 20
* 4
+11 14
+1 6
-1 15
+1 20
+17 4
+25 4
+10 4
+22 8
+32 4
935 2
1059 14
cfi=(13) /build/eglibc-oGUzwX/eglibc-2.19/elf/dl-object.c
cfn=(28) _dl_new_object
calls=2 61 
* 1021
+1 2
-1 2
+1 2
+11 4
+5 2
-5 2
+1 4
+1 2
+2 2
-2 2
+2 8
+1 6
+1 2
+24 4
+8 2
-8 18
+8 2
-8 2
+8 2
+89 2
-95 2
-1 2
+96 2
1092 2
1198 4
+8 10
-96 32
-1 136
+1 104
+6 4
+1 6
+1 2
+3 2
+1 1
+5 20
+6 8
+1 4
-1 16
+8 4
+2 8
-2 4
+1 4
+4 4
-5 8
+1 8
+1 4
+1 4
+3 4
+4 4
-9 4
+2 4
+1 4
+1 4
+1 4
+4 4
+1 6
+5 4
-16 2
+16 10
+10 2
-10 4
-16 2
+16 10
+10 2
+3 3
+5 1
-1 1
+3 1
-1 1
-1 1
+1 1
+3 3
+1 2
+3 2
+4 4
+6 1
cfi=(36) /build/eglibc-oGUzwX/eglibc-2.19/elf/dl-tls.c
cfn=(136) _dl_next_tls_modid
calls=1 50 
* 8
* 2
+1 1
+60 4
+1 6
+1 2
-6 4
+1 8
+8 6
+13 16
+2 4
+14 2
+5 12
cfi=(25) /build/eglibc-oGUzwX/eglibc-2.19/misc/../sysdeps/unix/syscall-template.S
cfn=(68) mmap
calls=2 81 
* 12
+4 2
-4 2
+4 2
+7 2
+1 2
-1 2
+1 2
+2 2
-3 2
+1 2
+2 2
+10 2
+2 2
+33 12
+1 6
+2 8
+8 16
+6 2
+2 2
-2 2
+1 2
+2 2
-1 2
+1 2
-1 6
+8 4
+3 4
+11 14
cfi=(26)
cfn=(70)
calls=2 30 
* 1908
+1 10
+5 4
+15 4
-74 20
+2 8
+2 16
cfi=(25)
cfn=(68)
calls=2 81 
* 12
* 4
-30 2
-1 10
cfi=(25)
cfn=(114) mprotect
calls=2 81 
* 10
* 2
1072 2
1418 8
+9 4
fi=(3) /build/eglibc-oGUzwX/eglibc-2.19/elf/get-dynamic-info.h
38 2
fe=(21)
1427 2
fi=(3)
38 2
+6 2
-2 2
+2 4
+7 2
+5 2
+3 2
-1 2
-3 2
-3 36
+10 8
-18 24
+8 35
+10 35
-18 105
+18 2
-18 6
+2 90
+5 40
+2 8
+16 4
+20 7
+1 8
+1 8
+1 8
+2 8
+5 8
+1 7
+1 8
+6 6
+5 4
+7 4
+1 6
+16 6
+5 1
+2 1
-2 1
+2 1
+2 2
+2 2
+3 6
+10 1
-8 2
+9 2
-1 1
+5 2
+3 4
fe=(21)
1433 4
+16 6
+19 4
+2 10
+55 6
+1 2
+3 2
cfi=(23)
cfn=(118) close
calls=1 81 
* 5
* 2
cfi=(23)
cfn=(118)
calls=1 81 
* 5
* 4
+8 10
+3 6
+2 2
-2 2
+2 2
+16 4
cfi=(6) /build/eglibc-oGUzwX/eglibc-2.19/elf/dl-lookup.c
cfn=(10) _dl_setup_hash
calls=2 859 
* 50
+4 4
+1 4
+17 4
+1 1
+3 1
+5 1
-5 1
+1 2
+4 1
-5 1
+5 1
-5 1
+1 2
+4 1
+10 6
cfi=(13)
cfn=(44) _dl_add_to_namespace_list
calls=2 32 
* 84
+4 8
+20 16
fi=(3)
56 8
+3 8
+1 2
+1 8
fe=(21)
1356 5
+2 1
-1 3
+1 2
-1 1
+1 2
-1 2
+3 4
+43 8
cfi=(25)
cfn=(68)
calls=1 81 
* 6
+3 2
1537 4
474 2

fn=(74)
486 8
+2 1
-2 9
+5 1
cfi=(15)
cfn=(76) strsep
calls=1 338 
* 261
* 3
+4 4
cfn=(78) expand_dynamic_string_token
calls=1 -80 
* 155
* 4
cfn=(78)
calls=1 -80 
* 162
+2 2
-2 2
+2 2
cfi=(9)
cfn=(18)
calls=2 26 
* 89
+4 2
-4 2
+4 2
+7 12
+34 4
+4 6
+1 6
-1 2
+1 2
-2 2
cfi=(15)
cfn=(36)
calls=2 93 
* 68
* 2
+3 2
-3 2
+3 6
+5 2
+1 6
-2 2
+2 2
cfi=(24) /build/eglibc-oGUzwX/eglibc-2.19/string/../sysdeps/x86_64/memcpy.S
cfn=(66) mempcpy
calls=2 61 
* 54
+3 2
-3 2
+3 2
-2 2
+2 2
+6 8
+1 28
+1 20
+3 2
-1 4
+1 2
+7 2
+1 2
-1 2
+4 6
+2 4
cfi=(15)
cfn=(82) free
calls=2 121 
* 12
* 2
* 4
-90 2
cfi=(15)
cfn=(76)
calls=2 338 
* 243
* 4
+94 1
+3 9
-65 39
+1 18
-16 4
+5 4
+3 10
+26 4
+31 4

fn=(126) open_verify.constprop.6
1871 90
+38 9
-38 9
+38 18
+21 36
cfi=(23)
cfn=(104)
calls=9 81 
* 77
+1 9
-1 9
+1 9
+10 1
+1 2
+5 6
cfi=(23)
cfn=(106)
calls=1 81 
* 5
+2 2
+2 1
+2 1
-2 2
+2 1
+6 2
+16 5
cfi=(12)
cfn=(26)
calls=1 315 
* 88
* 2
+2 1
-2 2
+4 4
cfi=(12)
cfn=(26)
calls=1 315 
* 80
-4 2
+75 2
+5 2
+3 4
+5 2
+7 1
+1 1
-1 5
+1 3
+1 1
-2 1
+17 45
+2 17
+4 4
+1 2
+13 1
+1 1
+2 1
-3 1
+1 1
-1 1
+1 1
-2 1
+4 2
+5 1
+1 1
-13 4
cfi=(12)
cfn=(26)
calls=1 315 
* 73
* 4
cfi=(12)
cfn=(26)
calls=1 315 
* 80
* 4
+16 2
+6 1
-3 1
+1 1
+1 1
+1 2
+1 4
-4 1
+1 1
+1 1
-1 3
-1 1
+4 2
+5 8
+23 72

fn=(78)
415 24
+10 9
cfi=(27)
cfn=(72)
calls=3 24 
* 93
* 6
161 6
cfi=(9)
cfn=(18)
calls=3 26 
* 170
* 3
+1 6
cfi=(15)
cfn=(36)
calls=3 -69 
* 102
* 3
+2 6
+3 9
440 15
167 3
cfi=(16)
cfn=(42)
calls=3 61 
* 101

fn=(98) _dl_map_object
2317 24
+7 3
-7 6
+7 3
+1 6
+3 27
+12 12
-12 18
+5 21
+1 14
+2 21
cfi=(31)
cfn=(100)
calls=7 288 
* 492
* 15
2607 24
2362 4
+10 12
+26 4
-2 2
+2 2
cfi=(27)
cfn=(72)
calls=2 24 
* 46
* 4
2538 6
cfn=(78)
calls=1 415 
* 239
+1 1
-3 1
+4 1
-1 2
+4 6
cfn=(102)
calls=1 1873 
* 447
+3 1
-3 1
+3 1
+12 8
+2 4
+44 2
+1 16
-1 2
+1 6
cfn=(108)
calls=2 923 
* 4859
* 2
2402 2
cfi=(9)
cfn=(18)
calls=1 26 
* 63
* 1
+2 1
-2 1
+2 1
+7 4
+35 2
+1 15
cfn=(124) open_path
calls=1 2168 
* 1269
* 3
+6 6
691 1
2454 1
691 2
2530 2
-95 4
+21 2
+6 4
+2 3
+4 2
cfi=(35) /build/eglibc-oGUzwX/eglibc-2.19/elf/dl-cache.c
cfn=(130) _dl_load_cache_lookup
calls=1 182 
* 1143
+2 1
-2 1
+2 1
+4 3
+8 2
+22 9
cfn=(126)
calls=1 1871 
* 529
+3 3
161 3
cfi=(9)
cfn=(18)
calls=1 26 
* 81
* 1
+1 2
cfi=(15)
cfn=(36)
calls=1 -69 
* 34
* 1
+2 3
+3 4
cfi=(16)
cfn=(42)
calls=1 61 
* 82
2510 1
-1 1
+1 2
-74 7
691 1
2437 1
691 2
2415 1
+8 3
-7 3
-1 1
+8 8
-3 3
691 1
2421 1
691 2
2341 18
+3 2
+2 2
-1 4
+1 2
cfi=(17)
cfn=(50)
calls=2 131 
* 21
* 4

fn=(124)
2168 8
+1 1
-1 5
+7 1
-7 1
+1 1
+6 1
+5 2
-7 1
+7 1
-8 1
+8 3
+74 1
-74 1
+74 1
-22 2
-52 1
+52 3
-40 1
-9 1
+9 2
-9 1
+9 1
+7 8
cfi=(24)
cfn=(66)
calls=2 61 
* 54
+1 2
-1 2
+1 6
-13 4
+33 8
-20 22
+3 16
+4 64
cfi=(24)
cfn=(66)
calls=8 61 
* 170
* 32
cfi=(24)
cfn=(66)
calls=8 61 
* 184
* 8
+3 8
+3 16
+3 48
cfn=(126)
calls=8 1871 
* 312
* 8
+2 24
+26 16
+2 12
-21 8
+1 36
+6 8
+2 12
-2 4
+2 4
cfi=(34) /build/eglibc-oGUzwX/eglibc-2.19/io/../sysdeps/unix/sysv/linux/wordsize-64/xstat.c
cfn=(128) _xstat
calls=4 34 
* 49
* 8
+1 1
+2 1
-2 1
+2 8
+7 2
-44 2
+37 6
+7 6
-44 7
+85 10
+7 2
-2 2
+2 6
+3 3
-13 1
+27 11
-72 6

fl=(100) /build/eglibc-oGUzwX/eglibc-2.19/elf/dl-open.c
fn=(432) _dl_find_dso_for_object
182 5
+1 4
+1 12
+1 2
+3 2
+4 1
-9 6

fl=(22)
fn=(62)
39 8
+3 1
-1 1
+1 1
+9 1
-12 3
+3 1
-3 1
+3 1
+9 2
+10 4
+31 2
+23 3
cfi=(23)
cfn=(64) access
calls=1 -34 
* 9
* 2
-2 1
+17 6
+3 2
+29 2
+8 2
+2 4
+1 4
+4 2
+4 1
-3 1
-1 1
+4 1
+3 2
+4 5
+1 1
-1 7
+1 1
+18 12
+1 4
cfi=(15)
cfn=(36)
calls=1 93 
* 34
* 1
+1 1
-1 1
+1 3
+29 1
+3 1
-3 2
+3 1
+28 9
+1 2
-1 2
+1 6
-1 8
+5 6
+3 1
-3 1
+3 2
-3 1
+3 1
-3 2
+3 1
-3 1
+3 2
-3 1
+3 3
+1 12
+1 4
-1 4
+1 8
-2 4
+1 8
-1 14
+4 4
+3 1
+2 2
-1 1
-1 2
+2 10
+13 2
+1 1
-1 1
+3 2
-3 2
+1 1
-1 1
+3 2
+3 3
+3 1
-1 1
+1 7
145 2
-14 2
243 3
cfi=(24)
cfn=(66)
calls=1 61 
* 22
+1 2
-1 2
+1 1
cfi=(24)
cfn=(66)
calls=1 61 
* 22
* 4

fl=(31)
fn=(100)
288 355
+1 142
cfi=(17)
cfn=(50)
calls=71 131 
* 504
* 71
+1 71
-1 71
+3 71
+2 142
+4 72
-4 144
+1 225
cfi=(17)
cfn=(50)
calls=75 131 
* 937
* 150
-5 3
+11 83
-1 68
+1 272

fn=(132) _dl_sysdep_read_whole_file
45 1
+7 1
-7 3
+7 1
-7 1
+1 1
-1 2
+7 1
cfi=(23)
cfn=(104)
calls=1 +29 
* 5
+1 1
-1 1
+1 1
+2 4
cfi=(32)
cfn=(112)
calls=1 -21 
* 10
* 2
+2 1
+3 1
-3 1
+3 1
+13 2
cfi=(23)
cfn=(118)
calls=1 +8 
* 5
+3 7
-14 6
cfi=(25)
cfn=(68)
calls=1 +19 
* 6
* 2

fl=(1) ???
fn=(0) 0x00000000000012d0
0 2
cfi=(2)
cfn=(2) _dl_start
calls=1 361 
0 98574
0 14
cfi=(48)
cfn=(202)
calls=1 86 
0 1504
0 3
cob=(5)
cfi=(59)
cfn=(242) 0x00000000004009c0
calls=1 0 
0 612234

fl=(23)
fn=(64)
81 12
+2 15

fn=(106)
81 8
+1 2

fn=(118)
81 12
+1 3

fn=(104)
81 44
+1 3
+1 40

fl=(29) /build/eglibc-oGUzwX/eglibc-2.19/elf/dl-error.c
fn=(90) _dl_catch_error
163 6
+15 3
-3 6
+1 6
-13 6
+14 6
+1 3
+2 3
cfi=(2)
cfn=(92) _dl_initial_error_catch_tsd
calls=3 797 
* 6
+2 3
-1 3
+4 3
-5 3
+2 3
+3 3
-4 3
+4 3
cfi=(30) /build/eglibc-oGUzwX/eglibc-2.19/setjmp/../sysdeps/x86_64/setjmp.S
cfn=(94) __sigsetjmp
calls=3 26 
* 57
* 9
+2 9
cfi=(33) /build/eglibc-oGUzwX/eglibc-2.19/elf/dl-deps.c
cfn=(122) openaux
calls=2 60 
* 7336
cfi=(2)
cfn=(96) map_doit
calls=1 624 
* 2458
+1 6
+2 3
+1 3
-3 3
+1 6
+1 3
+1 3
+8 12

fn=(138) _dl_receive_error
205 10
+1 1
cfi=(2)
cfn=(92)
calls=1 797 
* 2
+5 1
-1 1
-4 1
+9 1
+2 1
-3 1
+3 1
cfi=(2)
cfn=(140) version_check_doit
calls=1 656 
* 2590
+2 1
+1 1
+1 8

fl=(13)
fn=(44)
32 6
+2 3
-2 9
+2 3
cfi=(2)
cfn=(46)
calls=3 837 
* 6
+2 22
+4 3
-1 15
+2 2
+2 2
+4 2
+4 2
-4 4
+1 4
+1 4
+2 2
+1 6
-1 2
cfi=(2)
cfn=(48)
calls=2 843 
* 4
-4 1
+4 1
-4 2
+1 2
+1 2
+2 1
+1 3
-1 1
cfi=(2)
cfn=(48)
calls=1 843 
* 2
-5 2

fn=(28)
61 42
+1 3
cfi=(9)
cfn=(18)
calls=3 -36 
* 154
+6 3
-6 12
+6 33
+7 12
cfi=(15)
cfn=(32)
calls=3 +27 
* 134
* 3
+3 3
-3 3
+3 3
+4 3
+5 6
-6 3
+6 3
-5 3
+4 6
+1 3
cfi=(16)
cfn=(42)
calls=3 -26 
* 88
* 3
+10 6
-8 3
+9 3
-1 6
+1 6
-1 3
+1 6
+3 3
-3 3
+3 3
+9 3
-7 3
+4 3
+3 8
+2 2
-2 2
+2 30
-2 30
+12 3
+6 3
-5 3
-1 3
+6 9
-2 3
+2 6
+2 6
+3 7
+4 6
+4 6
+2 1
+6 1
+3 2
+3 5
-3 4
+3 10
+2 2
+4 2
-4 2
cfi=(9)
cfn=(18)
calls=2 26 
* 144
* 4
+4 2
-4 2
+4 6
+64 4
+4 24
-88 6
-39 7
+39 3
+70 6
cfi=(24)
cfn=(66)
calls=2 61 
* 71
* 2
+5 40
+1 40
-1 40
+1 42
-1 2
+1 6
+5 4
-57 4
cfi=(15)
cfn=(36)
calls=2 -72 
* 68
* 2
+1 2
-1 2
+1 6

fl=(36)
fn=(150) _dl_determine_tlsoffset
112 7
+6 3
+3 2
+36 1
-34 1
+34 2
+2 3
-2 1
-2 1
-40 1
-1 1
-1 2
+44 6
+5 1
-1 1
+5 2
-4 1
-1 1
+7 1
-7 1
+3 2
+2 1
+2 1
-2 2
+16 5
+2 1
+1 1
-1 2
+10 1
-12 4
+15 4
+1 1
+51 1
+1 8

fn=(152) _dl_allocate_tls_storage
328 1
+13 1
-13 2
+2 1
+11 2
cfi=(15)
cfn=(40) __libc_memalign
calls=1 51 
* 51
* 1
+1 1
-1 1
+1 1
+7 1
+4 306
-58 1
+1 1
-1 1
+1 2
cfi=(15)
cfn=(32)
calls=1 102 
* 43
* 1
+1 2
+9 1
-6 1
+6 1
+64 5

fn=(192) _dl_allocate_tls_init
376 7
+1 1
-1 1
+1 1
+4 2
+3 1
-1 1
-2 1
+8 3
+5 7
+6 7
+22 2
+1 4
+2 2
+9 1
-8 1
+8 2
-8 1
+8 1
+1 1
+1 3
cfi=(24)
cfn=(66)
calls=1 61 
* 23
* 5
cfi=(26)
cfn=(70)
calls=1 30 
* 166
* 3
-42 5
+6 2
+3 1
+1 2
+6 1
+3 1
-3 2
+3 1
-1 2
+38 2
+2 1
+1 8

fn=(190) _dl_add_to_slotinfo
831 3
+9 1
-9 1
+6 2
+8 5
+41 1
+1 3
+1 4

fn=(136)
50 1
+3 3
+48 2
+4 2

fn=(636) __tls_get_addr
770 1
+2 3
+3 3
+2 2
+3 1
+1 1

fl=(8) /build/eglibc-oGUzwX/eglibc-2.19/elf/../sysdeps/unix/sysv/linux/x86_64/brk.c
fn=(14) brk
31 1
-3 1
+3 6
+8 1
-6 2
+7 1

fl=(17)
fn=(50)
131 291
+1 291
+1 291
+1 156
+1 156
+1 156
+1 156
cfn=(51) strcmp'2
calls=156 -6 
* 11014
+5 135
+1 135
+1 135
+1 135

fn=(51)
131 1532
+1 1532
+1 1532
+1 1521
+1 1521
+1 1521
+1 1521
cfn=(51)
calls=1376 -6 
* 57863
+2 145
+1 145
+2 11
+1 11
+1 11
+1 11

fl=(27)
fn=(72)
24 8
+1 8
+1 8
+1 8
+1 8
+1 8
+1 8
+1 8
+1 8
+1 8
+1 8
+1 8
+1 8
+1 8
+1 8
+1 8
+1 8
+1 5
+4 5
+1 5
+1 5
+1 5
+2 5
+4 3
+1 3
+1 3
+1 3
+1 3
+1 3
+1 3
+1 3
+1 3
+1 3
+1 3
+1 3
+1 3
+1 3
+1 3
+1 3
+1 3
+1 3
+1 3
+1 3
+1 3
+1 3
+1 3
+1 3
+52 3
+4 3
+1 3
+1 3
+1 3
+2 3

fl=(6)
fn=(10)
859 12
+4 4
+4 8
+2 4
-1 4
+3 12
+1 4
+1 8
+3 4
-1 4
-2 4
+3 4
+4 8
-2 4
+1 4
+1 8
+1 4

fn=(168) check_match.9481
131 735
+1 210
+2 210
+2 315
-2 210
+12 315
+3 350
cfi=(17)
cfn=(50)
calls=35 -18 
* 2324
* 70
+5 105
-1 105
+1 105
-1 105
+1 105
+2 206
+19 206
+1 824
+46 735
-18 4
+2 4
+1 6
-1 4
+1 2
-1 4
-29 309
cfi=(17)
cfn=(50)
calls=103 -46 
* 8928
* 206

fn=(164) _dl_lookup_symbol_x
714 1332
476 111
714 222
476 333
-1 222
+2 111
-1 111
+1 333
-1 333
+1 1239
-1 1239
+1 3717
-1 3939
716 111
+4 111
+4 111
-8 111
+1 222
+7 317
+5 111
+2 222
-2 111
+6 888
+2 1443
cfn=(166) do_lookup_x
calls=111 82 
* 46058
+3 222
+3 6
-8 24
-7 222
+38 222
+22 105
+1 735
+26 105
+9 525
+14 315
+3 420
+5 105
+2 888
-9 2
-71 42
+16 6
+1 12

fn=(166)
82 999
+1 111
-6 111
+5 333
-5 777
+12 111
229 111
+3 222
-3 111
+3 222
98 111
-3 111
+1 111
+2 111
+3 111
-3 111
+3 111
-3 235
-3 235
+1 235
+2 235
+3 235
-3 235
+3 235
+4 698
+4 690
+4 690
+6 1035
+4 690
+1 1035
225 345
+1 690
+4 690
-2 345
+5 1380
+4 690
-1 690
+1 345
-1 690
+21 240
+24 480
461 1356
+1 285
cfi=(31)
cfn=(100)
calls=57 288 
* 2379
* 342
+3 723
+3 12
286 772
+4 261
+13 105
+1 105
-1 105
+1 105
+1 105
469 888
240 440
-1 220
+2 220
+2 330
+10 345
-7 1100
+2 210
+1 420
-1 210
+1 105
-1 420
+1 315
cfn=(168)
calls=105 131 
* 16702
+1 525

fl=(34)
fn=(128)
34 4
-1 4
+1 4
+1 24
+4 1
-4 12

fl=(12)
fn=(26)
315 12
+3 12
-3 60
+4 12
-4 12
+7 24
+4 12
+16 4
+1 8
-1 8
129 21
-18 6
346 4
+4 2
+2 2
-2 4
+1 2
+5 20
+2 9
+1 9
+1 9
+3 98
-3 56
-2 56
+1 56
+4 112
-7 128
+12 9
+1 96
228 1
-7 1
+1 1
+4 1
+2 1
-6 1
+4 1
+2 5
-95 3
+1 3
+1 3
+1 3
+1 3
+48 3
-2 3
+1 3
+1 15
-80 2
+1 4
+4 4
-5 8
+1 16
+4 18
234 1
+2 1
-4 1
+1 1
+4 1
-2 1
+56 2
-2 1
+2 2
-1 1
+1 2
+1 2
+12 6
+1 2
197 2
299 2
192 2

fl=(20) /build/eglibc-oGUzwX/eglibc-2.19/posix/../sysdeps/unix/syscall-template.S
fn=(58) uname
81 4
+1 1

fl=(19) /build/eglibc-oGUzwX/eglibc-2.19/elf/../sysdeps/unix/sysv/linux/dl-sysdep.c
fn=(56) _dl_discover_osversion
45 7
+2 3
+85 8
-45 3
cfi=(20)
cfn=(58)
calls=1 -6 
* 5
* 1
+15 1
-15 1
+20 1
-1 1
+3 12
+4 3
-2 6
+2 9
+7 3
-1 3
+4 3
-2 3
+2 10
+5 2

fl=(39) /build/eglibc-oGUzwX/eglibc-2.19/elf/dl-reloc.c
fn=(158) _dl_relocate_object
154 40
+15 4
-15 8
+15 4
+1 16
+6 8
+6 12
-18 8
+22 8
+7 8
-32 4
+77 4
fi=(5) /build/eglibc-oGUzwX/eglibc-2.19/elf/../sysdeps/x86_64/dl-machine.h
71 4
fe=(39)
238 8
fi=(5)
71 12
fe=(39)
264 180
-99 15
fi=(5)
276 24
fe=(39)
-12 3
fi=(4) /build/eglibc-oGUzwX/eglibc-2.19/elf/do-rel.h
48 3
fe=(39)
264 3
fi=(4)
58 3
fe=(39)
264 3
fi=(4)
47 6
+11 6
fe=(39)
264 1
-99 5
fi=(5)
276 8
fe=(39)
-12 1
fi=(4)
48 1
fe=(39)
264 1
fi=(4)
58 1
fe=(39)
264 1
fi=(4)
47 2
+11 2
fe=(39)
264 4
fi=(4)
48 4
fe=(39)
264 4
fi=(4)
58 4
fe=(39)
264 4
fi=(4)
47 8
+11 8
+3 12
fi=(5)
503 62
+4 62
+2 93
+1 31
fi=(4)
61 105
+2 108
+2 17
-4 3
+13 6
+1 5
+1 10
fi=(5)
503 5
+24 5
fi=(4)
75 5
fi=(5)
527 5
+2 5
cob=(3)
cfi=(46) /build/eglibc-oGUzwX/eglibc-2.19/string/../sysdeps/x86_64/multiarch/memmove.c
cfn=(186) memcpy@GLIBC_2.2.5
calls=1 49 
* 13
cob=(3)
cfi=(45) /build/eglibc-oGUzwX/eglibc-2.19/time/../sysdeps/unix/sysv/linux/x86_64/gettimeofday.c
cfn=(182) gettimeofday
calls=1 31 
* 68
cob=(3)
cfi=(40) /build/eglibc-oGUzwX/eglibc-2.19/string/../sysdeps/x86_64/multiarch/strcmp.S
cfn=(180) strncasecmp
calls=1 140 
* 6
cob=(3)
cfi=(42) /build/eglibc-oGUzwX/eglibc-2.19/time/../sysdeps/unix/sysv/linux/x86_64/time.c
cfn=(174) time
calls=1 37 
* 68
cob=(3)
cfi=(40)
cfn=(170) strcasecmp
calls=1 114 
* 100
fi=(4)
75 5
fi=(5)
530 5
fi=(4)
75 7
fe=(39)
264 3
fi=(4)
75 7
fe=(39)
264 21
+3 12
+28 4
+3 8
+17 12
+2 32
fi=(4)
84 5
+2 10
+12 5
-15 5
+15 5
-15 5
+15 5
+10 6
+3 8
fi=(5)
487 2
fi=(4)
112 4
fi=(5)
487 1196
fi=(4)
112 2384
fi=(5)
487 2384
+5 2388
+1 2388
fi=(4)
111 2388
fi=(5)
493 1194
fi=(4)
111 1194
+7 15
+3 4
+3 4
-3 4
+3 4
fi=(5)
422 3
fi=(4)
50 3
fi=(5)
422 3
fi=(4)
51 3
fi=(5)
422 12
fi=(4)
127 384
+9 192
+3 192
fi=(5)
244 96
fi=(4)
138 96
-2 96
+1 384
fi=(5)
244 96
+21 192
+4 192
+7 1827
fi=(4)
137 76
+1 76
fi=(5)
276 152
fi=(4)
137 76
fi=(5)
276 252
fi=(4)
137 6
+1 6
fi=(5)
276 12
fi=(4)
137 6
fi=(5)
276 1084
cfi=(6)
cfn=(164)
calls=82 714 
* 48226
* 410
+2 255
+3 94
-3 188
+3 282
+6 672
fe=(39)
183 8
+81 5
fi=(5)
77 6
+4 9
+14 3
-8 3
+8 6
+13 6
+3 12
410 252
fi=(4)
124 300
+19 6
fi=(5)
276 33
382 30
+4 50
+5 50
-71 2
+1 3
449 3
+4 6
cfi=(16)
cfn=(42)
calls=1 61 
* 18
+2 3
+1 1
fi=(4)
108 3
fe=(39)
323 8
+1 4
+1 4
-1 4
-1 8
+2 4
+3 8
+1 12
cfi=(25)
cfn=(114)
calls=4 81 
* 20
* 8
fi=(4)
160 8
+2 20
+8 10
+1 5
-1 5
+1 5
fi=(5)
+73 5
fi=(4)
-74 10
fi=(5)
+74 5
+21 10
+4 10
+7 135
cfi=(6)
cfn=(164)
calls=5 714 
* 2504
* 20
+2 15
+3 1
-3 2
+3 3
+6 35
410 15
fi=(4)
160 15
+14 5
fi=(5)
276 86
fe=(39)

fl=(24)
fn=(66)
61 25
+4 25
+3 24
+1 24
+2 7
+1 7
+2 7
+1 7
+5 7
+1 7
-1 17
+1 17
+2 16
+1 16
+2 16
+1 16
+5 16
+1 16
-1 8
+1 8
+2 7
+1 7
+2 7
+1 7
+5 7
+1 7
-1 17
+1 17
+2 12
+1 12
+2 12
+1 24
+5 12
+1 12
-1 12
+1 16
+5 4
+1 4
+1 4
+1 4
+2 4
+2 4
+1 4
+2 4
+6 24
+4 24
+12 2
+2 2
+1 2
+26 2
+1 2
+3 2
+1 2
+1 2
+5 2
+2 2
+1 2
+1 2
+1 2
+2 2
+1 2
+1 2
+1 2
+2 2
+1 2
+2 2
+22 2
+2 2
+2 1
+7 1

fl=(28)
fn=(84)
50 8
+5 6
+5 2
-1 1
+1 2
+1 2
-1 2
-9 4
+4 8
+4 1
-1 1
-58 4

fn=(86) _dl_debug_state
74 2

fl=(9)
fn=(18)
26 15
+1 15
+1 15
+1 15
+2 7
+1 7
+2 7
+1 7
-1 24
+1 24
+1 30
+1 30
+1 30
+2 28
+5 14
+1 14
+1 14
+1 14
+3 14
-6 4
+1 4
+1 4
+1 4
+3 4
+1 17
+1 17
+1 17
+2 17
+3 15
+1 15
+1 15
+1 15
+3 15
+1 8
+1 8
+1 8
+2 8
+3 7
+1 7
+1 7
+1 7
+3 7
+1 7
+1 7
+1 7
+2 7
+3 7
+1 7
+1 7
+1 7
+3 7
+1 6
+1 6
+1 6
+2 8
+3 2
+2 2
+1 2
-3 12
+2 12
+1 12
+1 13
+2 13
+1 13
+1 13
+2 13
+1 13
+1 10
+2 10
+1 10
+1 9
+2 9
+2 9
+1 9
+1 9
+2 9
+1 9
+1 8
+2 8
+1 8
+1 6
+2 6
+1 6
-1 9
+1 9

fl=(35)
fn=(130)
182 8
+8 2
+3 3
+51 3
+9 1
+6 2
-6 3
+6 1
cfi=(23)
cfn=(64)
calls=1 81 
* 9
* 1
+4 1
-10 1
+10 3
+15 109
cfn=(134) _dl_cache_libcmp
calls=7 138 
* 521
* 40
-82 4
cfi=(31)
cfn=(132)
calls=1 45 
* 67
+8 1
-8 1
+8 4
+1 4
cfi=(12)
cfn=(26)
calls=1 315 
* 112
* 2
+7 1
-3 1
+3 3
+3 1
+1 2
-1 1
+1 1
+1 3
cfi=(12)
cfn=(26)
calls=1 +98 
* 89
* 2
+2 2
+59 13
cfn=(134)
calls=1 138 
* 72
* 4
-14 4
+14 1
-14 2
-1 3
+15 21
+16 2
+5 9
-21 3

fn=(134)
138 24
+1 18
+2 80
+2 40
-2 40
+2 2
+6 1
+2 1
-1 1
-1 1
+1 1
-1 1
+2 3
+2 5
+2 2
+6 78
+2 142
+4 32
+1 32
-29 64
+32 2
+1 2
-8 7
+8 14

fn=(196) _dl_unload_cache
309 4
-1 1
+3 2
cfi=(25)
cfn=(198) munmap
calls=1 81 
* 5
+1 1
+2 2

fl=(60) /build/eglibc-oGUzwX/eglibc-2.19/elf/../sysdeps/x86_64/dl-trampoline.S
fn=(250) _dl_runtime_resolve
34 24
+2 24
+1 24
+1 24
+1 24
+1 24
+1 24
+1 24
+1 24
+1 24
+1 24
cfi=(61) /build/eglibc-oGUzwX/eglibc-2.19/elf/../elf/dl-runtime.c
cfn=(252) _dl_fixup
calls=24 +21 
* 18298
+1 24
+1 24
+1 24
+1 24
+1 24
+1 24
+1 24
+1 24
+1 24
+2 24

fl=(33)
fn=(120) _dl_map_object_deps
147 1
+1 1
-1 2
+1 1
-1 1
+1 1
-1 1
+1 2
-1 5
+1 1
-1 1
+1 2
+14 1
-2 1
+1 1
-13 1
+14 1
+6 3
+10 1
-10 1
+10 3
-14 1
-4 1
+2 1
+17 1
-17 1
-2 2
+2 1
-2 1
+2 1
-2 1
+1 1
+1 1
+6 3
+10 1
-10 1
+10 3
-16 3
+20 1
+21 1
+1 1
-22 2
+19 1
-12 1
+15 1
-16 1
+13 1
343 9
209 1
+8 1
-4 1
+4 1
-8 3
+8 3
-4 3
+4 3
+12 8
+2 2
+11 2
-5 2
-6 4
+5 2
+2 4
+1 4
+3 8
-32 2
+32 4
+50 4
+1 3
-51 192
+1 96
+6 10
cfi=(27)
cfn=(72)
calls=2 24 
* 70
* 4
+5 10
-3 2
+3 2
cfi=(29)
cfn=(90)
calls=2 -91 
* 7458
+2 6
+15 2
+2 4
+5 2
+6 2
-6 4
+3 2
+1 2
+1 2
+1 2
+4 10
-2 8
-57 8
-19 2
471 8
+2 6
+3 4
-1 2
cfi=(15)
cfn=(36)
calls=2 93 
* 68
* 2
+2 2
-2 2
+2 2
+3 2
+1 12
cfi=(16)
cfn=(42)
calls=2 61 
* 41
+1 10
cfi=(16)
cfn=(42)
calls=2 61 
* 41
+4 2
-1 2
+5 16
+3 9
-1 4
+1 8
202 1
497 6
+1 2
+3 5
+11 3
-1 1
cfi=(15)
cfn=(36)
calls=1 93 
* 34
* 1
+3 1
-3 1
+3 1
+5 7
+1 4
+2 9
+6 9
+4 3
-10 3
+10 3
-10 7
+6 3
+4 1
-10 1
+10 1
-10 3
+13 2
+51 6
+2 3
+42 2
+1 1
-1 6
+1 1
cfi=(26)
cfn=(70)
calls=1 30 
* 14
* 1
-2 10
+13 1
-6 1
-1 1
+1 1
+6 2
-13 6
+13 2
-6 2
-1 2
+1 2
+6 6
+2 8
+1 4
-1 4
+1 4
+3 6
-1 9
+23 3
-28 6
+31 9
+3 20
cfi=(26)
cfn=(70)
calls=2 30 
* 18
* 15
217 8
+1 17
+2 2
+2 6
+2 26
658 2
+25 2
+2 1
+1 1
-1 1
+2 3
+7 3
+3 2
+3 8
295 138
623 7
cfi=(16)
cfn=(42)
calls=1 61 
* 28
+2 1
-38 1
+38 2

fn=(122)
60 4
+7 2
-4 6
+1 2
-1 2
+1 2
-1 10
cfi=(21)
cfn=(98)
calls=2 2317 
* 7302
* 2
+5 4

fl=(15)
fn=(32)
102 8
+7 24
-3 8
+3 16
+4 8
cfn=(36)
calls=8 -20 
* 298
* 8

fn=(36)
93 23
+1 46
cfn=(40)
calls=23 -43 
* 737
* 23

fn=(76)
338 10
+2 5
+1 10
+4 169
+7 456
-2 306
+4 2
+6 76
-15 230
+18 2
+4 2
-4 1
+4 3
-11 2
+1 1

fn=(40)
51 96
+1 118
+11 23
+1 23
-1 23
+3 23
-3 23
+3 46
-3 1
+1 1
-1 1
+3 1
-3 1
+3 86
+4 12
+1 9
+6 21
cfi=(25)
cfn=(68)
calls=3 +4 
* 18
+2 15
+4 9
+3 3
+1 3
+2 15
-3 21
+1 21
+2 168
-31 3
+1 1
-2 3

fn=(82)
121 2
-2 4
+2 2
+7 4

fl=(25)
fn=(114)
81 24
+1 6

fn=(198)
81 4
+1 1

fn=(68)
81 45
+1 9

fl=(2)
fn=(48)
843 10

fn=(92)
797 8

fn=(22) dl_main
887 1
+19 1
-19 9
+19 1
+3 1
2488 1
887 1
2488 1
909 1
+4 1
-26 1
+26 1
+1 2
+5 2
2481 2
+7 1
-4 1
+4 1
-5 1
+5 9
+2 2
cfi=(11)
cfn=(24)
calls=1 30 
* 62
* 4
cfi=(11)
cfn=(24)
calls=2 30 
* 414
* 9
+4 48
+1 19
-1 57
+3 4
+6 16
+76 4
cfi=(12)
cfn=(26)
calls=1 315 
* 120
* 2
+2 3
-55 4
cfi=(12)
cfn=(26)
calls=1 315 
* 26
* 2
2653 3
+33 3
929 4
1128 7
cfi=(13)
cfn=(28)
calls=1 61 
* 248
+2 1
-2 1
+2 1
+1 1
+1 1
+5 2
-5 1
+1 3
+4 1
cfi=(13)
cfn=(44)
calls=1 32 
* 34
+1 2
896 1
1167 1
-3 1
-5 1
+1 1
+2 1
+5 6
+56 2
893 1
1223 2
-55 24
-1 27
+1 47
-1 2
1270 3
+3 2
+2 2
+2 2
+13 3
+1 8
cfi=(17)
cfn=(50)
calls=1 131 
* 7
* 3
+7 1
+3 1
-5 1
+3 1
+2 1
+1 2
+4 2
+2 2
fi=(3)
29 1
+9 2
+6 1
-2 1
+2 2
+7 1
+5 1
+3 1
+2 1
-3 1
-3 1
-3 14
+10 3
-18 9
+8 19
+10 19
-18 57
+18 1
-18 3
+2 46
+5 16
+2 4
+16 3
+38 3
+5 2
+7 2
+1 3
+16 3
+14 3
+18 2
fe=(2)
1313 2
cfi=(6)
cfn=(10)
calls=1 859 
* 25
+3 4
fi=(18) /build/eglibc-oGUzwX/eglibc-2.19/elf/setup-vdso.h
24 2
fe=(2)
1338 1
cfi=(19)
cfn=(56)
calls=1 45 
* 85
* 8
1172 3
+1 1
+90 2
+1 2
+1 1
-6 2
+1 1
-37 2
-1 2
+1 4
-1 2
+2 4
+1 1
+3 2
+1 2
-1 2
+1 2
+1 2
+1 6
+1 2
-43 1
-2 2
+27 1
-25 1
+7 2
-10 1
+10 1
-19 3
+1 1
fi=(3)
56 4
+3 4
+1 1
+1 3
fe=(2)
2533 4
cfi=(12)
cfn=(26)
calls=1 315 
* 80
* 2
+2 3
1343 2
cfi=(21)
cfn=(60)
calls=1 714 
* 2537
+3 3
cfi=(28)
cfn=(84)
calls=1 50 
* 17
+7 1
-7 1
+2 1
+5 1
+3 3
+1 1
+3 1
-3 3
+1 2
+3 1
+5 1
-7 1
+7 1
+1 5
+4 1
+4 1
-2 4
+1 2
+1 3
+5 2
+1 6
+2 2
+1 2
+5 2
+5 3
902 1
1575 3
+3 2
+4 3
+5 2
+1 1
cfi=(28)
cfn=(86)
calls=1 74 
* 1
+5 3
+15 3
+4 3
+31 3
cfi=(23)
cfn=(64)
calls=1 81 
* 9
* 2
+77 4
+17 3
+1 1
-1 1
+1 2
-1 1
+1 5
cfi=(33)
cfn=(120)
calls=1 147 
* 8830
+1 1
+5 1
-5 3
+2 2
+3 4
+1 4
-1 2
+1 12
-1 6
+4 3
+1 3
+1 1
+2 2
+1 5
-1 4
+1 4
-1 6
-28 1
+1 1
-1 7
+4 1
+1 1
-1 1
+2 2
+1 2
+35 1
-1 2
+1 1
+2 1
+2 3
+2 1
-4 2
+5 1
-1 2
+14 2
+1 2
+1 3
+12 1
+1 1
-2 1
+2 1
-2 1
+2 1
-2 1
+2 1
-2 1
+2 1
cfi=(29)
cfn=(138)
calls=1 205 
* 2620
+10 1
+1 1
-1 1
+1 1
+1 1
cfn=(148) init_tls
calls=1 723 
* 615
* 1
+2 2
+3 1
cfn=(154) security_init
calls=1 850 
* 20
+2 2
2050 3
+56 1
+4 1
+7 1
-11 1
+4 3
+4 2
+3 1
+8 2
+95 4
+1 1
+5 2
cfi=(36)
cfn=(192)
calls=1 376 
* 275
+4 2
+14 3
+2 2
+29 1
cfi=(7) /build/eglibc-oGUzwX/eglibc-2.19/elf/../elf/dl-sysdep.c
cfn=(194) _dl_sysdep_start_cleanup
calls=1 256 
* 1
+4 3
+20 3
cfi=(28)
cfn=(84)
calls=1 50 
* 8
+1 1
+1 1
cfi=(28)
cfn=(86)
calls=1 74 
* 1
+5 1
cfi=(35)
cfn=(196)
calls=1 309 
* 15
+5 8
-65 2
+15 1
+3 1
-3 1
+3 1
-3 2
+3 2
-3 1
+2 1
+1 1
cfi=(39)
cfn=(158)
calls=1 154 
* 6295
+1 4
+2 3
-96 3
+7 1
+2 11
+2 1
+2 12
+5 8
+2 8
+8 4
-2 4
+2 8
+1 24
cfi=(39)
cfn=(158)
calls=3 154 
* 70146
+4 14
-22 12
+25 4
+2 1
+6 1
-6 1
+6 1
-22 1
+1 1
-3 2
+14 2
cfi=(36)
cfn=(190)
calls=1 831 
* 20
* 1
-69 1
895 2
1763 2
+21 3
1619 2
cfi=(9)
cfn=(18)
calls=1 26 
* 96
* 8
cfi=(16)
cfn=(42)
calls=1 61 
* 74
* 1
+3 5
-12 1
+12 1
+3 3
cfi=(15)
cfn=(76)
calls=1 338 
* 765
* 3
cfi=(15)
cfn=(76)
calls=1 338 
* 6
* 6
+1 2
+1 3
+2 4
cfn=(88) do_preload
calls=1 803 
* 2547
* 2
1332 3
1631 1
+1 1
-1 3
+1 1
+1 3

fn=(2)
361 9
+18 4
fi=(3)
44 1
fe=(2)
379 1
fi=(5)
58 3
fi=(3)
-14 1
fe=(2)
408 1
-3 1
fi=(3)
44 1
+17 2
-3 1
-7 1
+5 1
+3 1
+2 1
-3 1
-3 1
-3 2
-5 26
+15 13
-18 39
+18 1
-18 3
+2 36
+5 20
+1 16
+10 4
-18 12
+25 2
+20 4
+1 4
+1 4
+1 4
+2 4
+5 4
+1 4
+1 4
+6 3
+5 2
+7 3
+1 3
+8 3
+2 3
+3 2
+1 2
fe=(2)
536 2
+7 1
284 2
+12 2
cfi=(6)
cfn=(10)
calls=1 859 
* 25
+1 2
+1 2
+1 2
+1 2
+21 1
+10 1
-10 3
+10 1
-6 1
-4 1
+10 1
cfi=(7)
cfn=(12) _dl_sysdep_start
calls=1 86 
* 97754
* 1
+9 4
+3 1
+4 1
-4 1
+4 1
568 9
fi=(3)
53 4
+3 4
fe=(2)
541 34
fi=(4)
84 1
+27 1
-28 1
+28 2
+1 2
fi=(5)
492 2
fi=(4)
112 18
fi=(5)
492 18
+1 20
fi=(4)
111 20
fi=(5)
493 10
fi=(4)
111 10
+5 2
+8 1
fi=(5)
287 1
fi=(4)
124 2
+13 1
+2 2
-2 1
fi=(5)
241 1
fi=(4)
137 1
fi=(5)
269 1
fi=(4)
137 2
fi=(5)
269 1
fi=(4)
137 8
+2 16
-2 8
fi=(5)
241 8
fi=(4)
137 8
fi=(5)
269 8
fi=(4)
137 16
fi=(5)
269 8
+9 18
+3 9
-3 18
+3 27
+6 54
fi=(3)
59 4
+1 1
+1 2
fe=(2)
284 73
fi=(5)
391 9
+9 9
fi=(4)
124 28
fe=(2)

fn=(148)
723 1
-1 1
-6 1
+2 2
+4 1
+10 4
cfi=(15)
cfn=(32)
calls=1 102 
* 43
* 1
+11 1
-15 1
+3 1
+6 1
+2 1
-11 1
+15 1
+2 1
-1 1
+1 10
+2 8
+4 1
+2 1
-2 2
-5 8
+9 3
+3 1
cfi=(36)
cfn=(150)
calls=1 112 
* 73
+7 1
cfi=(36)
cfn=(152)
calls=1 328 
* 428
+1 1
-1 1
+1 1
+6 1
+8 1
-8 1
+8 6
+4 1
+2 1
+1 2

fn=(88)
803 1
+12 1
-12 5
+10 1
-4 1
+1 1
+5 4
-10 1
+6 1
+4 1
cfi=(29)
cfn=(90)
calls=1 163 
* 2519
+1 3
+8 3
+6 5

fn=(46)
837 10

fn=(140)
656 2
+2 4
cfi=(37)
cfn=(142)
calls=1 380 
* 2580
* 2
+4 2

fn=(96)
624 2
+2 7
cfi=(21)
cfn=(98)
calls=1 2317 
* 2446
* 1
+2 2

fn=(154)
850 2
+2 1
fi=(38) /build/eglibc-oGUzwX/eglibc-2.19/elf/../sysdeps/unix/sysv/linux/dl-osinfo.h
61 2
+23 2
+2 1
+7 1
fe=(2)
854 1
+7 1
fi=(38)
101 2
+11 1
fe=(2)
863 1
+7 1
-5 1
+6 3

fl=(61)
fn=(252)
66 48
+6 48
-6 72
+3 24
-1 24
+1 24
+3 24
+1 24
-1 48
+1 120
+1 24
-1 24
+1 48
+5 48
+4 48
+4 72
+4 46
+1 92
+2 92
+7 72
-1 24
+8 48
+3 216
cfi=(6)
cfn=(164)
calls=24 714 
* 16284
* 24
+4 72
+4 96
+6 144
+16 24
-8 24
+8 72
+4 72
fi=(5)
+65 24
fe=(61)
-61 120
-64 2
fi=(90) /build/eglibc-oGUzwX/eglibc-2.19/elf/../sysdeps/x86_64/dl-irel.h
-53 3
cob=(3)
cfi=(105) /build/eglibc-oGUzwX/eglibc-2.19/string/../sysdeps/x86_64/multiarch/strcpy.S
cfn=(456) strcpy
calls=1 +32 
* 6
cob=(3)
cfi=(93) /build/eglibc-oGUzwX/eglibc-2.19/string/../sysdeps/x86_64/multiarch/strcat.S
cfn=(406) strcat
calls=1 +18 
* 6
cob=(3)
cfi=(40)
cfn=(396) strcmp
calls=1 +56 
* 9
* 6
fe=(61)

fl=(16)
fn=(42)
61 15
+2 15
+2 15
+3 14
+1 14
+2 4
+1 4
+2 4
+1 4
+5 4
+1 4
-1 10
+1 10
+2 4
+1 4
+2 4
+1 8
+5 4
+1 4
-1 10
+1 10
+2 3
+1 3
+2 3
+1 3
+5 3
+1 3
-1 11
+1 11
+2 8
+1 8
+2 8
+1 8
+5 8
+1 8
-1 6
+1 13
+5 7
+1 7
+1 7
+1 7
+2 7
+2 7
+1 7
+2 7
+8 14
+8 5
+6 5
+2 5
+1 5
+3 2
+1 4
+5 2
+1 2
+2 2
+2 2
+1 2
+2 2
-8 7
+1 7
+2 7
+2 7
+1 7
+2 9
+9 2
+1 2
-1 3
+1 3
+3 5
+1 5
+1 5
+5 4
+2 4
+1 4
+1 4
+1 4
+2 4
+1 4
+1 4
+1 4
+2 4
+1 4
+2 4
+22 5
+6 5
+1 5
+2 1

fl=(7)
fn=(194)
256 1

fn=(12)
86 7
+25 1
-1 1
+1 1
-25 1
+25 228
+6 1
-3 1
+1 1
-4 1
+3 1
+3 4
+1 6
-1 3
-29 1
-1 2
+31 105
-1 82
fi=(19)
-82 2
cfi=(8)
cfn=(14)
calls=1 -4 
* 12
fi=(5)
200 5
fe=(7)
+34 2
cfi=(10)
cfn=(20)
calls=1 34 
* 17
* 3
+12 3
+3 6
cfi=(2)
cfn=(22)
calls=1 887 
* 97188
+1 1
+1 8
151 1
+1 1
+27 1
+1 1
-17 1
+1 1
-7 1
+1 1
-4 1
+1 1
-25 1
+1 1
-4 1
+1 1
-7 1
+1 1
+2 1
+1 1
232 1
cfi=(9)
cfn=(18)
calls=1 26 
* 39
* 2

fl=(30)
fn=(94)
26 3
+9 3
+1 6
+1 3
+4 3
+1 3
+1 3
+1 3
+1 3
+2 6
+2 3
+1 3
+3 6
+2 3
+4 3
+1 3

ob=(3)
fl=(121) /build/eglibc-oGUzwX/eglibc-2.19/stdlib/../sysdeps/x86_64/mul_1.S
fn=(506) __mpn_mul_1
32 12
+3 12
+1 12
+1 12
+1 12
+1 12
+2 12
+1 12
+2 12
+1 12
+1 12
+1 12
+1 8
+2 8
+1 8
+1 8
+1 8
+26 4
+1 4
+1 4
+1 4
+1 4
+1 4
+1 4
+1 4
+1 4
+26 4
+1 4
+1 4
+2 4
+1 4
+1 4
+1 4
+1 4
+1 4
+2 4
+3 4
-5 8
+2 8
+3 8

fl=(41) /build/eglibc-oGUzwX/eglibc-2.19/csu/../sysdeps/x86_64/multiarch/init-arch.c
fn=(172) __init_cpu_features
54 1
-9 1
+9 1
+3 1
-3 1
+3 5
+95 2
+1 7
+7 3
+4 2
+2 3
+18 2
+5 1
+1 1
+2 1
+1 2
-9 4
+1 5
+1 2
-16 2
+1 1
+2 2
+3 2
31 2
+6 1
-6 1
+7 1
-1 1
+28 1
-27 1
+27 1
-28 1
+2 1
-1 1
+1 1
+26 1
+1 1
-35 4
+35 1
+5 1
-12 1
+12 1
+3 12
+27 1
-42 1
+42 1
+22 1
-64 1
+68 1

fl=(62) /build/eglibc-oGUzwX/eglibc-2.19/csu/libc-start.c
fn=(256) (below main)
133 7
+4 1
-4 3
+4 3
+82 1
-82 1
+82 1
+1 4
cfi=(63) /build/eglibc-oGUzwX/eglibc-2.19/stdlib/cxa_atexit.c
cfn=(258) __cxa_atexit
calls=1 57 
* 60
+22 6
+3 2
+1 5
cob=(5)
cfi=(59)
cfn=(262) __libc_csu_init
calls=1 0 
* 55
+4 4
+15 2
+9 2
cfi=(64) /build/eglibc-oGUzwX/eglibc-2.19/setjmp/../sysdeps/x86_64/bsd-_setjmp.S
cfn=(276) _setjmp
calls=1 30 
* 29
+1 2
+5 2
+1 2
+3 2
+3 6
cob=(5)
cfi=(67) /home/ubuntu/workspace/pr2/main.c
cfn=(282) main
calls=1 38 
* 608440
+34 2
cfi=(133) /build/eglibc-oGUzwX/eglibc-2.19/stdlib/exit.c
cfn=(626) exit
calls=1 104 
* 2642
137 2

fl=(79) /build/eglibc-oGUzwX/eglibc-2.19/misc/../sysdeps/unix/syscall-template.S
fn=(576) munmap
81 4
+1 1

fn=(322) mmap
81 20
+1 4

fl=(74) /build/eglibc-oGUzwX/eglibc-2.19/string/../sysdeps/x86_64/strlen.S
fn=(308) strlen
66 1895
+1 1895
+1 1895
+1 1895
+1 1895
+1 1895
+1 1895
+2 1895
+2 1895
+30 1746
+1 1746
+1 1746
+1 1746
+1 1746
+1 93
+1 93
+4 1653
+1 1653
+1 1653
+1 1653
+1 1653
+1 1653
+1 1653
+1 1653
+1 1653
+1 1653
+1 1653
+1 1653
+5 9932
+4 149
+1 2086
+1 1076
+14 58
+1 58
+1 116
+49 58
+1 58
+1 58
+1 58
+1 58
+1 58
+1 58
+1 58
-7 3288
+1 3288
+1 3288
+1 3288
+1 3288
+1 3288
+1 3288
+1 3288
+2 1646
+2 1646
+1 1646
+1 1646
+1 1646
+1 1646
+1 1646
+1 1646
+1 1646
+1 1642
+4 1700
+2 1700
+1 23800
+2 1700
+1 1700
+1 1700
+1 1700
-6 4
+1 56
+2 4
+1 4
+1 4
+1 4

fl=(95) /build/eglibc-oGUzwX/eglibc-2.19/string/../sysdeps/x86_64/multiarch/strcpy-sse2-unaligned.S
fn=(458) __strcpy_sse2_unaligned
47 12
+2 12
+5 12
+1 12
+1 12
+2 2
+1 2
+1 2
+1 2
+2 2
+1 2
+1 2
+14 2
+1 2
295 10
+1 10
+1 10
+1 10
+1 10
+10 10
+1 10
+35 2
+1 2
+1 8
+10 10
+1 40
574 12
+1 12
+9 12

fl=(70) /build/eglibc-oGUzwX/eglibc-2.19/signal/../sysdeps/unix/sysv/linux/x86_64/sigaction.c
fn=(296) __libc_sigaction
49 8
+4 8
-4 8
+4 8
+3 8
-1 8
+1 16
-1 8
+1 232
+1 32
+2 16
+5 136
+3 16
+8 8
-8 16
+2 8
+1 128
+1 8
+1 8
+3 8

fl=(138) /build/eglibc-oGUzwX/eglibc-2.19/posix/../sysdeps/unix/sysv/linux/_exit.c
fn=(690) _Exit
28 2
+4 1
+2 2

fl=(42)
fn=(174)
37 1
-1 1
fi=(43) /build/eglibc-oGUzwX/eglibc-2.19/time/../sysdeps/generic/dl-hash.h
+8 1
fe=(42)
-7 2
fi=(43)
+8 1
fe=(42)
-8 1
fi=(43)
+6 1
+5 3
+1 2
+13 2
-17 3
+3 9
+1 6
+13 6
-17 9
+22 1
fe=(42)
-30 2
+3 2
-3 1
+3 1
cfi=(44) /build/eglibc-oGUzwX/eglibc-2.19/elf/../sysdeps/unix/sysv/linux/dl-vdso.c
cfn=(178) _dl_vdso_vsym
calls=1 -13 
* 7
* 3
+1 3

fl=(53) /build/eglibc-oGUzwX/eglibc-2.19/misc/init-misc.c
fn=(224) __init_misc
30 4
+1 5
+2 3
cfi=(54) /build/eglibc-oGUzwX/eglibc-2.19/string/../sysdeps/x86_64/strrchr.S
cfn=(226) rindex
calls=1 -9 
* 24
+4 5
+1 3
+2 4

fl=(83) /build/eglibc-oGUzwX/eglibc-2.19/stdio-common/vfprintf.c
fn=(348) vfprintf
235 253
+35 69
1295 70
+4 115
+11 46
+11 23
fi=(139) /build/eglibc-oGUzwX/eglibc-2.19/stdio-common/printf-parse.h
108 46
fe=(83)
1321 115
fi=(139)
108 23
cfi=(84) /build/eglibc-oGUzwX/eglibc-2.19/string/../sysdeps/x86_64/strchr.S
cfn=(350) strchrnul
calls=23 -84 
* 820
fe=(83)
1336 23
fi=(139)
108 23
fe=(83)
1332 23
+4 46
+4 161
cfi=(75) /build/eglibc-oGUzwX/eglibc-2.19/libio/fileops.c
cfn=(310) _IO_file_xsputn@@GLIBC_2.2.5
calls=23 -59 
* 24533
* 69
2098 115
+3 23
+1 184
1295 44
+41 161
+1 345
2098 115
+1 69
1340 46
+4 23
-4 23
+4 46
+4 49
283 7
-6 7
-3 7
1325 7
-8 7
240 7
1396 128
-3 16
-1 16
-17 16
+1 16
+1 16
+1 16
+1 16
+1 16
+1 16
+1 16
+1 16
+1 16
+1 16
+3 16
+1 16
1580 32
-21 48
1396 144
2091 14
+2 14
+2 14
1680 32
+8 16
fi=(139)
108 32
fe=(83)
1688 16
fi=(139)
108 16
fe=(83)
1688 16
fi=(139)
108 16
cfi=(84)
cfn=(350)
calls=16 -84 
* 464
fe=(83)
1692 16
-4 16
+4 144
cfi=(75)
cfn=(310)
calls=16 1281 
* 2617
* 16
-10 16
+10 176
+2 16
-2 16
+2 16
-16 27
-17 252
cfi=(75)
cfn=(310)
calls=12 1281 
* 1216
* 384
-1 276
cfi=(115) /build/eglibc-oGUzwX/eglibc-2.19/stdio-common/printf_fp.c
cfn=(494) __printf_fp
calls=4 161 
* 10049
* 48

fl=(58)
fn=(238)
33 3
+1 1

fl=(71) /build/eglibc-oGUzwX/eglibc-2.19/signal/../sysdeps/unix/sysv/linux/x86_64/sigprocmask.c
fn=(298) sigprocmask
39 24
+1 4

fl=(126) /build/eglibc-oGUzwX/eglibc-2.19/libio/iofopen.c
fn=(552) __fopen_maybe_mmap
42 2
-2 2
+2 2
+15 2

fn=(530) __fopen_internal
65 12
+8 2
-8 4
+8 2
cfi=(96) /build/eglibc-oGUzwX/eglibc-2.19/malloc/malloc.c
cfn=(418) malloc
calls=2 2876 
* 342
cob=(1)
cfi=(60)
cfn=(250)
calls=1 -39 
* 614
* 6
+2 2
-2 2
+2 2
+3 2
+3 10
-3 2
+3 2
cfi=(76) /build/eglibc-oGUzwX/eglibc-2.19/libio/genops.c
cfn=(536) _IO_no_init
calls=2 643 
* 116
+4 2
+1 2
-1 2
+1 2
cfi=(75)
cfn=(540) _IO_file_init@@GLIBC_2.2.5
calls=2 +57 
* 190
+4 10
cfi=(75)
cfn=(544) _IO_file_fopen@@GLIBC_2.2.5
calls=2 254 
* 225
* 2
+1 2
-1 2
+6 10
-5 2
cfn=(552)
calls=2 -49 
* 8

fn=(528) fopen@@GLIBC_2.2.5
103 4
cfn=(530)
calls=2 -38 
* 1579

fl=(118) /build/eglibc-oGUzwX/eglibc-2.19/stdlib/../sysdeps/ieee754/dbl-64/dbl2mpn.c
fn=(500) __mpn_extract_double
35 8
+2 12
+1 4
+9 4
-9 4
+9 4
+9 4
-18 8
+18 4
-18 4
+9 4
+9 4
+47 12
+4 8

fl=(129) /build/eglibc-oGUzwX/eglibc-2.19/libio/iofclose.c
fn=(564) fclose@@GLIBC_2.2.5
40 3
+14 1
-14 1
+14 3
+3 18
+4 3
-3 2
fi=(81) /build/eglibc-oGUzwX/eglibc-2.19/libio/libioP.h
904 2
+1 3
fe=(129)
63 4
cfi=(75)
cfn=(580) _IO_file_finish@@GLIBC_2.2.5
calls=1 202 
* 32
+1 3
+18 6
+2 1
+1 2
cfi=(96)
cfn=(588) free
calls=1 2917 
* 117
cob=(1)
cfi=(60)
cfn=(250)
calls=1 -51 
* 598
* 5
+4 5
-10 2
-20 2
cfi=(75)
cfn=(568) _IO_file_close_it@@GLIBC_2.2.5
calls=1 +99 
* 215
* 3
-4 1
cfi=(76)
cfn=(566) _IO_un_link
calls=1 +5 
* 80
* 3
fi=(81)
905 6
fe=(129)

fl=(131) /build/eglibc-oGUzwX/eglibc-2.19/libio/ferror.c
fn=(612) ferror
36 48
-3 48
+3 912
+1 144
+1 480
+2 96

fl=(134) /build/eglibc-oGUzwX/eglibc-2.19/stdlib/cxa_thread_atexit_impl.c
fn=(630) __call_tls_dtors
82 3
+1 2
cob=(1)
cfi=(36)
cfn=(636)
calls=1 770 
* 11
cob=(1)
cfi=(60)
cfn=(250)
calls=1 -49 
* 990
* 5
* 3
+18 4

fl=(84)
fn=(350)
24 39
+1 39
+1 39
+1 39
+1 39
+1 39
+1 39
+1 39
+1 39
+1 39
+1 39
+1 39
+1 39
+1 39
+1 39
+1 39
+1 39
+1 18
+2 18
+7 18
+4 21
+1 21
+1 21
+1 21
+1 21
+1 21
+1 21
+1 21
+1 21
+1 21
+1 21
+1 21
+1 21
+1 21
+1 21
+1 21
+1 21
+1 21
+1 21
+1 21
+1 21
+1 21
+1 21
+1 21
+52 21
+2 21
+7 21

fl=(78) /build/eglibc-oGUzwX/eglibc-2.19/io/../sysdeps/unix/sysv/linux/wordsize-64/fxstat.c
fn=(320) _fxstat
34 4
-1 4
+1 4
+1 24
+4 4

fl=(107) /build/eglibc-oGUzwX/eglibc-2.19/stdlib/strtod.c
fn=(466) strtod
69 12
cfi=(108) /build/eglibc-oGUzwX/eglibc-2.19/stdlib/strtod_l.c
cfn=(468) ____strtod_l_internal
calls=3 483 
* 1374

fl=(97) /build/eglibc-oGUzwX/eglibc-2.19/malloc/hooks.c
fn=(420) malloc_hook_ini
30 2
fi=(98) /build/eglibc-oGUzwX/eglibc-2.19/malloc/arena.c
373 3
fe=(97)
29 3
cfi=(98)
cfn=(422) ptmalloc_init.part.7
calls=1 371 
* 57828
* 1
+4 1
-1 1
cfi=(96)
cfn=(419) malloc'2
calls=1 2876 
* 1190

fl=(64)
fn=(276)
30 1
+2 1
cfi=(65) /build/eglibc-oGUzwX/eglibc-2.19/setjmp/../sysdeps/x86_64/setjmp.S
cfn=(278) __sigsetjmp
calls=1 -6 
* 27

fl=(91) /build/eglibc-oGUzwX/eglibc-2.19/string/../sysdeps/x86_64/multiarch/../strcmp.S
fn=(398) __strcmp_ssse3
180 234
+1 234
+2 234
+1 234
+21 234
+1 234
+1 215
+1 215
+1 215
+1 215
+1 215
+1 215
+21 215
+1 215
+1 215
+1 215
+1 215
+1 215
+1 215
+15 19
+1 19
+1 19
+1 19
+1 19
+1 19
+1 19
+1 19
+1 19
+5 19
+1 19
+1 19
+1 19
+1 19
+1 19
+81 6
+1 6
+1 6
+1 6
+1 6
+2 6
+1 6
+1 6
+1 6
+1 6
+1 6
+1 6
607 6
+1 6
+1 6
+1 6
+1 6
+2 6
+1 6
+1 6
+1 6
+1 6
+1 6
+1 6
982 7
+1 7
+1 7
+1 7
+1 7
+2 7
+1 7
+1 7
+1 7
+1 7
+1 7
+1 7
+1 1
+4 1
+1 1
+1 1
+6 1
+1 1
+1 2
+4 1
+1 1
+3 1
+1 1
+1 1
+7 1
+4 1
+1 1
+1 1
+1 1
+1 1
+1 1
2236 1
+2 1
+1 1
+1 1
+1 1
-3 18
+1 18
+1 18
+1 18
+6 234
+6 234
+1 234
+8 234
+1 234

fl=(103) /build/eglibc-oGUzwX/eglibc-2.19/misc/sbrk.c
fn=(442) sbrk
34 4
+8 4
-8 12
+8 21
+4 8
+4 12
+3 3
cfi=(104) /build/eglibc-oGUzwX/eglibc-2.19/misc/../sysdeps/unix/sysv/linux/x86_64/brk.c
cfn=(444) brk
calls=3 -22 
* 39
* 6
+4 20
-14 2
cfi=(104)
cfn=(444)
calls=1 -12 
* 13
* 4

fl=(136) /build/eglibc-oGUzwX/eglibc-2.19/stdlib/cxa_finalize.c
fn=(666) __cxa_finalize
31 3
+17 1
-17 5
+4 4
+4 6
-4 3
+32 4
+4 6
-4 3
+12 2
+3 1
-2 1
+2 6
-2 1
cfi=(137) /build/eglibc-oGUzwX/eglibc-2.19/nptl/../nptl/sysdeps/unix/sysv/linux/unregister-atfork.c
cfn=(668) __unregister_atfork
calls=1 -44 
* 13

fl=(73) /build/eglibc-oGUzwX/eglibc-2.19/libio/ioputs.c
fn=(306) puts
34 60
+2 15
cfi=(74)
cfn=(308)
calls=15 +30 
* 822
+1 15
-1 15
+1 270
+3 46
+1 4
cfi=(75)
cfn=(310)
calls=1 1281 
* 9483
* 56
cfi=(75)
cfn=(310)
calls=14 1281 
* 56582
* 30
+1 60
+1 60
fi=(81)
904 30
+1 120
fe=(73)
47 75
-8 28
+3 30
cfi=(76)
cfn=(336) __overflow
calls=15 241 
* 2055
* 45

fl=(87) /build/eglibc-oGUzwX/eglibc-2.19/libio/iogetline.c
fn=(362) _IO_getline_info
58 120
+2 12
-2 36
+2 12
+2 36
+2 48
+28 12
+2 24
-2 12
+2 12
-2 12
+2 12
cfi=(88) /build/eglibc-oGUzwX/eglibc-2.19/string/../sysdeps/x86_64/memchr.S
cfn=(380) memchr
calls=12 -69 
* 272
+1 12
-1 12
+1 12
-29 72
+1 48
+2 24
cfi=(76)
cfn=(364) __uflow
calls=12 363 
* 3251
+1 24
+6 24
+11 12
-1 24
-22 24
+34 12
+1 12
-2 12
+1 12
-1 12
+2 24
+2 12
+2 24
+2 60
cfi=(89) /build/eglibc-oGUzwX/eglibc-2.19/string/../sysdeps/x86_64/multiarch/../memcpy.S
cfn=(382) __GI_memcpy
calls=12 -44 
* 265
+1 12
+1 12
-1 12
+10 96
-53 2

fn=(360) _IO_getline
38 24
cfn=(362)
calls=12 +20 
* 4738

fl=(50)
fn=(218)
52 8
+6 3
+14 1
fi=(51) /build/eglibc-oGUzwX/eglibc-2.19/csu/../sysdeps/generic/dl-hash.h
-28 1
fe=(50)
+26 1
+1 1
fi=(52) /build/eglibc-oGUzwX/eglibc-2.19/csu/../sysdeps/unix/sysv/linux/x86_64/init-first.c
-33 1
fi=(51)
+7 1
fi=(52)
-7 1
fe=(50)
+34 1
fi=(52)
-34 2
fi=(51)
+5 1
+5 3
+1 2
+13 2
-17 3
+3 9
+1 6
+13 6
-17 9
+22 1
fi=(52)
-29 2
+2 2
-2 1
+2 2
cfi=(44)
cfn=(178)
calls=1 -13 
* 7
+1 2
+5 2
-3 2
+1 1
+2 1
cfi=(44)
cfn=(178)
calls=1 -19 
* 7
fe=(50)
+40 1
fi=(52)
-36 1
fe=(50)
+36 2
fi=(52)
-36 2
+1 2
+1 1
fe=(50)
+34 1
cfi=(53)
cfn=(224)
calls=1 -56 
* 48
+8 1
cfi=(55) /build/eglibc-oGUzwX/eglibc-2.19/ctype/ctype-info.c
cfn=(228) __ctype_init
calls=1 -63 
* 16
+5 6
-34 1
-7 1
+7 4
fi=(52)
-23 2
fe=(50)

fl=(94) /build/eglibc-oGUzwX/eglibc-2.19/string/../sysdeps/x86_64/multiarch/strcat-sse2-unaligned.S
fn=(408) __strcat_sse2_unaligned
32 102
+8 102
+1 102
+1 102
+1 102
+1 102
+1 102
+1 102
+1 102
+1 102
+1 102
+1 102
231 102
+1 102
+1 102
+35 102
+1 102
+1 102
fi=(95)
54 102
+1 102
+1 102
+2 7
+1 7
+1 7
+1 7
+2 7
+1 7
+1 7
+14 7
+1 7
295 95
+1 95
+1 95
+1 95
+1 95
+10 95
+1 95
+35 7
+1 7
+1 28
+10 95
+1 380
545 102
+1 102
+9 102
fe=(94)

fl=(85) /build/eglibc-oGUzwX/eglibc-2.19/string/../sysdeps/x86_64/memcpy.S
fn=(352) __GI_mempcpy
61 60
+4 60
+3 60
+1 60
+2 49
+1 49
+2 49
+1 49
+5 49
+1 49
-1 11
+1 11
+2 18
+1 18
+2 18
+1 18
+5 18
+1 18
-1 42
+1 42
+2 17
+1 17
+2 17
+1 17
+5 17
+1 17
-1 43
+1 43
+2 9
+1 9
+2 9
+1 18
+5 9
+1 9
-1 51
+1 55
+5 4
+1 4
+1 4
+1 4
+2 4
+2 4
+1 4
+2 4
+6 60
+4 60
+12 14
+2 14
+1 14
+3 3
+1 6
+5 3
+1 3
+2 3
+2 3
+1 3
+2 3
-8 3
+1 3
+2 3
+2 3
+1 3
+2 6
+9 3
+1 3
-1 11
+1 11
+3 14
+1 14
+1 14
+5 14
+2 14
+1 14
+1 14
+1 14
+2 14
+1 14
+1 14
+1 14
+2 14
+1 14
+2 14
+2 1
+2 1
+1 1
+1 1
+1 1
+2 1
+1 1
+1 1
+1 1
+2 1
+1 1
+2 2
+5 1
+2 1
-2 13
+2 13

fl=(96)
fn=(436) _int_malloc
3302 7028
+30 1004
-30 1004
+30 9036
+8 2008
+37 2008
+2 2004
+1 2004
+2 3006
+2 2
1862 1
3743 1
1862 2
3806 9036
3421 16
+1 4
+1 3
cfn=(438) malloc_consolidate
calls=1 4104 
* 793
* 1
3790 1
4992 2
3790 3
+2 25
4990 1
+2 1
-2 3
3442 2
3790 1003
4992 2006
3790 3009
+2 25075
4990 1003
+2 1003
-2 3009
3442 2006
3560 12
+7 2
-6 2
+1 2
+1 2
+1 2
+3 2
3442 3018
+3 202
-1 202
+1 404
+1 404
+3 202
+10 806
+34 2
-5 2
+1 2
+4 2
+13 4
+8 8
+1 2
+1 2
+3 4
-5 8
+43 8
-43 13
-53 201
-1 402
+2 200
-1 400
+4 200
+1 200
+4 200
-3 400
+1 200
+1 400
+1 200
+2 200
+1 200
+3 1400
+2 400
-2 200
+2 200
+1 200
+3 200
1862 600
3514 9
+62 1608
+73 804
+1 804
+1 804
-1 804
+1 804
+1 1608
+1 1608
+5 4824
+4 2412
+3 3208
-3 2406
+3 3208
-3 2406
+3 3204
-3 1600
3765 803
+3 803
-2 2409
+2 1606
+17 6
3674 24
+2 48
-4 50
+8 1
+3 2
3578 4
+3 6
3332 1
3665 4
+2 1
+1 2
3421 20
3692 3
+3 2
+5 1
-3 1
+3 1
-3 1
+3 11
+3 2
+15 1
-5 1
+6 2
+11 1
-6 1
+1 1
+1 1
+1 1
+3 1
+1 1
+1 2
+2 1
+1 1
+2 7
+2 2
-2 1
+2 1
+1 2
5000 3
2271 12
+11 3
-11 3
+11 3
+87 3
-9 3
+9 15
+6 4
+3 9
2700 6
+1 3
+5 6
+3 6
+5 3
-3 3
+3 3
-2 3
+5 3
-3 9
+1 3
-1 3
-1 3
+1 6
+1 3
3801 6
1862 9
2272 6
3773 800
-3 800
+1 800
+2 800
-1 800
+1 1600
+2 800
-2 2400
1862 800
3773 800
+2 800
+3 800
1862 1600
2433 3
+19 6
-19 3
+9 3
+10 6
-10 3
+10 3
-10 9
+10 9
+8 3
-8 3
+8 3
+2 12
cfi=(102) /build/eglibc-oGUzwX/eglibc-2.19/malloc/morecore.c
cfn=(440) __default_morecore
calls=3 46 
* 154
* 6
+4 15
+3 6
+1 6
+19 3
+27 6
+1 1
+1 2
+6 1
-6 1
+6 1
-6 4
+6 2
-6 2
+6 6
+1 12
+2 6
+42 3
+19 1
+3 2
+1 6
+2 1
-2 1
+2 1
+1 4
cfi=(102)
cfn=(440)
calls=1 46 
* 26
+12 3
+8 2
+1 3
+39 1
+1 1
-2 1
+1 3
+12 1
-12 1
+1 1
+11 1
2527 2
+42 3
2369 2
3700 11

fn=(488) calloc
3161 2
+13 6
-13 2
+10 4
-10 6
+13 4
+10 4
+1 4
+12 20
+7 2
+8 2
-7 4
+7 4
+7 6
cfn=(436)
calls=2 +83 
* 467
+3 2
-3 2
+3 18
+16 8
+4 6
+11 2
-3 2
+3 4
-14 2
+14 4
+11 2
+1 4
+1 4
+2 4
-15 6
+16 4
+25 10
-25 2
cfi=(114) /build/eglibc-oGUzwX/eglibc-2.19/string/../sysdeps/x86_64/memset.S
cfn=(490) memset
calls=2 53 
* 11393

fn=(590) _int_free
3814 16
+13 2
-13 2
+13 4
+6 8
+1 4
+11 8
+13 6
+75 4
+1 6
+18 2
-4 2
+4 4
+6 4
+8 6
+6 4
+1 4
+1 4
1869 6
3983 4
+7 4
+5 2
+13 1
-1 1
+2 2
+7 1
-2 1
+1 1
+1 1
+2 1
+1 1
+2 1
+1 1
+2 3
+1 1
+30 4
+1 2
+3 3
3943 14
+2 4
4075 6
+1 6
+1 8
+10 16
-88 2
+37 1
+1 3
+1 2
+23 5
3960 6
-2 4

fn=(438)
4104 8
+22 2
4996 1
4126 3
1785 1
+3 3
-3 128
+3 378
-3 252
+7 3
+5 1
+2 1
-2 1
4199 8
1796 3

fn=(588)
2917 4
+1 4
+6 4
+5 2
-2 2
+2 4
+16 6
+1 4
cfn=(590)
calls=2 3814 
* 208

fn=(418)
2876 4008
+5 2004
+1 2004
+3 2002
+2 8008
+4 3003
cfn=(436)
calls=1001 3302 
* 139503
+1 1001
-1 1001
+1 1001
+11 4004
+1 8008
+3 5005
-24 1
+24 3
-24 1
cfi=(97)
cfn=(420)
calls=1 30 
* 59029

fn=(419)
2876 4
+5 2
+1 2
+3 2
+2 8
+4 3
cfn=(436)
calls=1 3302 
* 1149
+1 1
-1 1
+1 1
+11 4
+1 8
+3 5

fl=(101) /build/eglibc-oGUzwX/eglibc-2.19/nptl/../nptl/sysdeps/unix/sysv/linux/register-atfork.c
fn=(434) __linkin_atfork
116 2
+1 6
+2 1

fl=(69) /build/eglibc-oGUzwX/eglibc-2.19/signal/../nptl/sigaction.c
fn=(294) sigaction
37 24
+6 8
cfi=(70)
cfn=(296)
calls=8 +6 
* 688

fl=(75)
fn=(580)
202 1
+1 1
-1 1
+1 1
+6 2
+1 1
-1 1
cfi=(76)
cfn=(582) _IO_default_finish
calls=1 686 
* 24

fn=(368) _IO_file_underflow@@GLIBC_2.2.5
552 56
+8 42
+6 42
+3 28
+13 28
+10 252
+2 36
fi=(81)
904 24
+1 108
fe=(75)
602 24
cfi=(76)
cfn=(372) _IO_switch_to_get_mode
calls=12 182 
* 240
* 4
cfi=(76)
cfn=(372)
calls=2 182 
* 40
+6 14
+5 56
-5 28
+1 14
+2 14
-1 28
+3 14
cfn=(374) _IO_file_read
calls=14 1204 
* 154
+2 28
+10 13
-3 13
+3 26
+2 26
+1 52
-10 1
-1 1
+1 2
+10 1
-4 1
+4 3
-56 6
+5 4
cfi=(76)
cfn=(314) _IO_doallocbuf
calls=2 414 
* 213
* 4
+19 36
cfn=(312) _IO_file_overflow@@GLIBC_2.2.5
calls=12 824 
* 1356
* 12

fn=(572) _IO_file_close
1245 2
cfi=(80) /build/eglibc-oGUzwX/eglibc-2.19/io/../sysdeps/unix/syscall-template.S
cfn=(574) __close_nocancel
calls=1 81 
* 5

fn=(688) _IO_file_sync@@GLIBC_2.2.5
886 1
+5 1
-5 1
+5 3
+2 1
+1 2
+17 2
+4 2

fn=(312)
824 6620
+1 4965
+7 11577
+35 3310
+3 3232
+3 4848
+1 4848
+1 6464
+4 1616
+1 6464
-45 4
+12 4
+9 8
+8 2
-4 2
+3 4
-2 4
-3 2
+1 4
+5 2
-1 2
+1 6
+1 2
+12 32
-1 16
+1 16
-1 16
cfn=(326) _IO_do_write@@GLIBC_2.2.5
calls=16 509 
* 1456
* 32
-8 39
+1 39
+11 117
-12 39
cfn=(326)
calls=39 509 
* 3397
-31 4
cfi=(76)
cfn=(314)
calls=2 414 
* 213
+1 12

fn=(374)
1204 56
cfi=(80)
cfn=(376) read
calls=14 81 
* 98

fn=(568)
158 3
+2 1
-2 1
+2 2
+4 1
+3 1
-3 1
-1 2
+6 1
+3 1
-3 1
cfi=(76)
cfn=(570) _IO_unsave_markers
calls=1 1119 
* 9
+3 2
+4 3
+9 5
cfi=(76)
cfn=(324) _IO_setb
calls=1 399 
* 39
+1 2
+3 1
-3 1
+1 3
+2 1
cfi=(76)
cfn=(566)
calls=1 60 
* 10
+5 2
-4 1
+1 1
+1 1
+2 1
+1 4
-23 3
cfn=(572)
calls=1 1245 
* 7
* 2
-7 7
cfn=(326)
calls=1 509 
* 93
* 2

fn=(310)
1281 66
+7 66
-7 462
+6 132
+7 348
+17 32
+1 12
+3 149
+5 224
cfi=(85)
cfn=(352)
calls=56 61 
* 1554
* 56
+6 56
-1 56
+1 112
+2 168
+27 116
+1 528
-45 4
+17 6
+4 108
cfn=(312)
calls=27 824 
* 3166
* 54
+6 54
+1 162
+2 81
+11 54
+1 96
cfi=(76)
cfn=(328) _IO_default_xsputn
calls=24 447 
* 76193
* 48
-57 150
+1 100
+3 150
+2 5862
-2 3906
+4 100

fn=(326)
509 56
+2 56
-2 280
+2 112
+1 12
+11 216
+7 216
+8 270
cfn=(330) _IO_file_write@@GLIBC_2.2.5
calls=54 1254 
* 2322
* 54
+1 162
+6 54
-4 54
+4 54
-4 162
+1 108
+3 55
-34 2
+32 1
-32 1
+1 4
-1 1
+1 2
-1 106
+32 53
-32 53
+1 212
-1 53
+1 106
+32 109

fn=(330)
1254 378
+2 270
+11 54
+1 54
-12 108
+5 54
-1 162
+1 108
cfi=(80)
cfn=(332) write
calls=54 81 
* 378
+1 108
+9 162
+3 486

fn=(684) _IO_file_setbuf@@GLIBC_2.2.5
461 2
+1 1
cfi=(76)
cfn=(686) _IO_default_setbuf
calls=1 +95 
* 51
* 2
+4 2
-1 2
+2 3
+2 1
+1 2

fn=(540)
143 2
+4 2
-4 6
+5 2
-1 2
+3 2
cfi=(76)
cfn=(542) _IO_link_in
calls=2 -51 
* 164
+1 2
+1 8

fn=(318) _IO_file_stat
1222 4
+1 12
cfi=(78)
cfn=(320)
calls=4 34 
* 40

fn=(544)
254 18
+11 4
+2 12
+9 1
-2 1
+1 3
-20 1
+37 4
-17 2
-20 1
+37 20
+41 2
224 2
+1 4
-1 2
+4 2
cfi=(80)
cfn=(546) open
calls=2 81 
* 14
* 2
+4 4
+3 2
-1 2
+1 4
+1 4
-1 2
+1 2
+7 4
cfi=(76)
cfn=(542)
calls=2 99 
* 22
353 6
cfi=(127) /build/eglibc-oGUzwX/eglibc-2.19/string/../string/strstr.c
cfn=(550) __GI_strstr
calls=2 53 
* 50
+1 2
-1 2
+1 2
-83 1
-1 1
-15 2
431 2
-77 2
+77 14

fl=(80)
fn=(334) __write_nocancel
81 270

fn=(376)
81 28
cfn=(378) __read_nocancel
calls=14 * 
* 70

fn=(548) __open_nocancel
81 10

fn=(574)
81 5

fn=(378)
81 70

fn=(332)
81 108
cfn=(334)
calls=54 * 
* 270

fn=(546)
81 4
cfn=(548)
calls=2 * 
* 10

fl=(55)
fn=(228)
31 5
+2 1
-2 2
+2 3
+2 5

fl=(122) /build/eglibc-oGUzwX/eglibc-2.19/stdlib/../sysdeps/x86_64/rshift.S
fn=(508) __mpn_rshift
29 8
+1 8
+1 8
+13 8
+1 8
+16 8
+1 8
+1 8
+1 8
+1 8
+1 8
+1 8
+5 8
+1 8
+1 8
+1 8
+1 8

fl=(98)
fn=(422)
371 6
+13 1
-8 1
+8 1
+7 2
+1 2
-1 1
+1 10
cfi=(101)
cfn=(434)
calls=1 116 
* 9
+2 5
+16 2
-74 146
+16 73
-18 222
455 2
+6 2
+1 2
+2 1
+1 7
-80 5
cfi=(99) /build/eglibc-oGUzwX/eglibc-2.19/elf/dl-addr.c
cfn=(424) _dl_addr
calls=1 126 
* 57312
* 2
+1 4
-49 8
+1 2

fl=(76)
fn=(372)
182 14
+1 14
-1 14
+1 28
+3 42
+5 14
-1 28
+1 14
+7 14
-4 14
+2 28
+2 14
+1 14
+1 28

fn=(582)
686 2
+2 3
+6 3
+3 3
+6 1
+6 1
-6 1
cfn=(566)
calls=1 60 
* 10

fn=(314)
414 12
+1 4
-1 4
+1 4
+6 16
-4 12
+1 12
cfi=(77) /build/eglibc-oGUzwX/eglibc-2.19/libio/filedoalloc.c
cfn=(316) _IO_file_doallocate
calls=4 96 
* 354
* 8

fn=(566)
60 12
+1 6
+4 6
+1 10
+2 1
-2 1
+1 1
+1 19
+2 3
+2 2
+13 1
+2 1
-2 1
+2 4
+2 1
-1 1
+1 6
+1 2
+3 12
-6 6
-13 1
+1 1
-1 2

fn=(570)
1119 1
+2 1
-2 1
+2 1
+19 3
+2 2

fn=(328)
447 24
+4 24
-1 24
-3 120
+3 120
+20 12
+5 3
+3 1
+2 11045
cfi=(75)
cfn=(312)
calls=1571 824 
* 51941
* 3142
+2 1571
-2 1571
-25 6380
+2 3
+3 2
+24 48
+1 144
-11 2
+1 3
-1 2
+1 6
-1 5

fn=(542)
99 16
+1 12
+4 2
-2 4
+2 10
+1 20
+2 2
-2 2
+1 2
+1 2
-2 2
+2 2
-2 2
+2 28
+2 2
-2 2
+4 2
+2 2
-3 2
-1 2
+4 14
+2 2
-1 2
+1 16
+1 4
+3 16
-6 14

fn=(324)
399 25
+1 22
+3 5
+2 20
-3 5
+3 10
+3 20
-7 7
cfi=(79)
cfn=(576)
calls=1 81 
* 5
* 4

fn=(336)
241 135
+2 135
cfi=(75)
cfn=(312)
calls=45 824 
* 2955

fn=(538) _IO_old_init
626 2
-16 2
+1 2
+15 2
+5 2
-21 2
+2 2
+1 2
+1 2
+17 2
-16 2
+1 2
+1 2
+1 2
+1 2
+1 2
+2 2
+1 2
+1 2
+1 2
+6 2
+1 8

fn=(680) _IO_cleanup
1010 1
+3 1
-3 2
-48 1
+48 2
+3 1
cfn=(682) _IO_flush_all_lockp
calls=1 822 
* 107
-63 1
+63 1
-63 3
+2 12
+2 3
-1 6
+3 4
+6 16
+8 5
+10 5
cfi=(75)
cfn=(684)
calls=1 461 
* 66
+3 2
+7 4
-40 12
+75 7
-53 1
+4 1
-4 1
+2 1
+1 1
+1 1
-2 1
+3 4
+6 3
+1 8

fn=(364)
363 14
+2 14
-2 14
+2 29
+6 70
+3 28
+2 28
+6 28
+7 28
+1 14
-1 28
cfn=(366) _IO_default_uflow
calls=14 +45 
* 3208
-24 26
+22 42

fn=(536)
643 18
+1 2
cfn=(538)
calls=2 -18 
* 50
+3 2
-2 2
+2 2
+2 2
+1 2
+1 2
+1 2
+1 2
+1 2
+1 2
+1 2
+1 2
+1 2
+1 2
+1 2
+2 2
+7 2
+1 12

fn=(366)
434 14
+1 14
-1 14
+1 14
cfi=(75)
cfn=(368)
calls=14 552 
* 3044
+1 28
+2 52
+1 28

fn=(682)
822 3
+6 1
-6 5
+6 2
+6 1
-11 1
+10 1
+2 2
+4 2
-1 4
-1 4
+1 4
+3 12
+10 8
+4 4
-2 4
+2 8
+7 4
-27 8
+31 2
+2 2
+4 9
-31 16

fn=(686)
557 5
+1 1
-1 1
+1 1
cfi=(75)
cfn=(688)
calls=1 886 
* 13
* 2
+9 1
-7 1
+7 1
-7 1
400 1
562 1
+1 1
-1 1
+1 1
400 4
+7 1
-5 1
+1 1
+4 1
570 2
+2 1
-2 1
+1 3
+2 4

fl=(108)
fn=(474) round_and_return
201 33
fi=(110) /build/eglibc-oGUzwX/eglibc-2.19/stdlib/../sysdeps/generic/get-rounding-mode.h
93 3
+1 15
fe=(108)
204 6
+89 6
+35 24
fi=(110)
103 3
-9 6
fe=(108)
328 30
-28 27
-4 3
fi=(111) /build/eglibc-oGUzwX/eglibc-2.19/stdlib/../include/rounding-mode.h
46 9
fe=(108)
327 9
cfi=(112) /build/eglibc-oGUzwX/eglibc-2.19/stdlib/../sysdeps/ieee754/dbl-64/mpn2dbl.c
cfn=(480) __mpn_construct_double
calls=3 39 
* 42
* 3
fi=(111)
46 6
+6 9
fe=(108)
315 6

fn=(468)
483 27
+56 3
-2 3
-54 3
+56 3
+18 3
-1 3
+15 9
+1 6
cfi=(74)
cfn=(308)
calls=3 66 
* 48
+1 3
-1 3
+1 12
+21 3
-6 6
+9 6
+1 9
+3 3
-4 3
+4 3
+5 3
-17 3
+17 3
+13 9
+1 6
+56 9
+19 21
489 3
719 6
+1 9
+32 6
+10 36
+1 6
+12 6
+16 6
+42 12
+9 6
+1 8
-1 3
+7 3
+1 3
+11 6
+6 3
+1 6
-1 3
+1 6
628 9
1748 24
869 9
1000 6
+2 4
+2 3
-2 2
+2 15
-2 10
+3 1
-1 1
+3 2
+3 12
+19 9
+3 6
+3 6
+33 6
+92 3
+2 18
+1 3
+1 3
+3 3
-3 3
+3 9
+3 6
590 3
1173 6
1010 6
766 9
+22 27
+1 9
603 4
1176 33
cfn=(470) str_to_mpn.isra.0
calls=3 337 
* 246
* 3
+6 12
+44 3
+1 6
-1 6
+1 3
+4 3
-4 3
+4 3
+6 6
+32 6
+3 24
+2 6
+8 6
+21 21
cfn=(474)
calls=3 201 
* 240
* 3
939 3
-84 12
+3 12
-7 34
1284 36
cfi=(109) /build/eglibc-oGUzwX/eglibc-2.19/stdlib/../sysdeps/x86_64/lshift.S
cfn=(472) __mpn_lshift
calls=3 29 
* 45
+4 12

fn=(470)
337 27
+14 3
-1 3
-13 6
+14 21
+34 45
+13 18
+3 9
-3 9
+1 9
+2 9
-47 12
+19 12
+30 12
+7 9
+2 9
+2 3
+1 3
+15 27

fl=(77)
fn=(316)
96 20
+15 24
cfi=(75)
cfn=(318)
calls=4 1222 
* 56
* 8
+2 16
+11 18
+4 24
cfi=(79)
cfn=(322)
calls=4 -47 
* 24
* 8
+1 20
cfi=(76)
cfn=(324)
calls=4 399 
* 84
+1 4
+1 20
-13 2
fi=(140) /build/eglibc-oGUzwX/eglibc-2.19/libio/../sysdeps/unix/sysv/linux/sys/sysmacros.h
-77 12
fe=(77)
+77 2
-2 4
+8 2
-3 2
+3 4

fl=(105)
fn=(456)
64 1
+1 1
+2 1
+1 1
+1 1
+5 1

fl=(137)
fn=(668)
36 1
-8 2
+11 2
+1 3
+5 1
-6 2
+82 2

fl=(115)
fn=(494)
161 40
+54 4
-21 4
+2 4
+19 12
+59 4
-59 8
+59 4
+2 4
+24 4
-24 8
+24 4
-24 8
+1 4
-1 4
+1 4
+23 4
+42 4
176 4
-1 4
349 4
+2 4
-2 4
+47 12
+4 4
cfi=(116) /build/eglibc-oGUzwX/eglibc-2.19/math/../sysdeps/ieee754/dbl-64/wordsize-64/s_isnan.c
cfn=(496) isnan
calls=4 27 
* 28
* 8
+15 8
cfi=(117) /build/eglibc-oGUzwX/eglibc-2.19/math/../sysdeps/ieee754/dbl-64/wordsize-64/s_isinf.c
cfn=(498) isinf
calls=4 20 
* 52
* 12
+56 4
+12 4
-12 24
+1 4
+1 4
+1 4
+1 16
+1 8
+1 4
-2 4
+1 4
-1 4
+1 4
+1 8
+7 4
-7 4
+7 4
+9 12
+15 8
-3 40
+37 4
+1 24
cfi=(89)
cfn=(382)
calls=4 61 
* 92
+15 28
+11 4
-2 4
+2 56
-2 48
+2 144
-56 48
+4 240
-4 4
+4 20
+2 16
+32 4
-2 28
cfi=(120) /build/eglibc-oGUzwX/eglibc-2.19/stdlib/mul.c
cfn=(504) __mpn_mul
calls=4 57 
* 280
+4 28
1264 32
431 36
cfi=(118)
cfn=(500)
calls=4 35 
* 84
+4 4
-4 4
+4 12
+68 24
-2 36
cfi=(109)
cfn=(472)
calls=4 29 
* 60
+3 36
+1 4
-1 4
+1 4
+1 24
+52 32
cfi=(119) /build/eglibc-oGUzwX/eglibc-2.19/stdlib/cmp.c
cfn=(502) __mpn_cmp
calls=8 42 
* 88
* 16
+3 20
cfi=(89)
cfn=(382)
calls=4 61 
* 92
+1 12
+1 12
+1 4
-2 4
+1 4
+1 16
+6 4
+6 16
-6 4
+6 4
+4 64
+4 8
+2 4
-2 4
+2 4
+17 4
-1 8
+1 12
+3 12
+9 16
+32 12
-1 4
+1 16
cfi=(122)
cfn=(508)
calls=4 29 
* 68
+3 36
828 4
+10 4
-10 4
+10 16
+2 4
-2 4
+2 4
+10 8
+48 4
-61 4
+61 8
+14 16
+1 4
-1 8
+7 8
fi=(141) /build/eglibc-oGUzwX/eglibc-2.19/stdio-common/../nptl/sysdeps/pthread/allocalim.h
28 8
fe=(115)
929 4
-8 4
-1 4
+9 20
+1 8
+3 12
+3 44
+3 8
cfn=(510) hack_digit.13665
calls=4 231 
* 471
* 16
cfn=(510)
calls=8 231 
* 840
* 24
-3 52
+6 8
+1 12
+2 8
-4 4
+4 16
+12 12
+1 72
+1 84
+1 8
+3 24
-1 24
+2 24
-1 24
cfn=(510)
calls=24 231 
* 1992
* 24
+1 48
+2 72
-6 16
+15 12
+1 16
cfn=(510)
calls=4 231 
* 332
+2 20
+1 4
-1 4
+2 12
fi=(124) /build/eglibc-oGUzwX/eglibc-2.19/stdio-common/../sysdeps/generic/get-rounding-mode.h
93 4
+1 20
fe=(115)
1094 12
+7 8
+3 8
+13 12
+46 24
+2 24
+2 4
-2 4
+2 24
208 4
1170 8
+7 16
+9 12
+6 12
+4 12
cfi=(74)
cfn=(308)
calls=4 66 
* 64
+2 4
-2 4
+2 12
+5 4
+1 8
-1 4
+2 8
+11 20
+1 4
+6 4
-6 4
+6 52
+3 72
+3 72
-6 120
+1 120
+1 12
cfi=(85)
cfn=(352)
calls=4 61 
* 72
* 8
fi=(124)
94 8
fi=(125) /build/eglibc-oGUzwX/eglibc-2.19/stdio-common/../include/rounding-mode.h
-42 8
fe=(115)
1172 12
853 4
-1 4
+1 12
+3 12
+2 4
-3 4
-1 4
+6 4
-2 4
+2 4
-7 4
+5 4
-5 8
980 4
+2 4
-2 8
1233 8
-1 4
+18 12
+3 8
+7 12
-10 16
-76 8
+1 24
625 8
+19 4
-1 36
cfi=(122)
cfn=(508)
calls=4 29 
* 68
* 4
1250 418
1036 4
853 8
623 4
1199 8
+51 150
cfi=(76)
cfn=(336)
calls=30 241 
* 1170
* 120

fn=(510)
231 160
+3 120
+2 120
+7 120
+20 24
cfi=(121)
cfn=(506)
calls=8 32 
* 160
+1 16
+1 40
+4 40
-22 240
cfi=(123) /build/eglibc-oGUzwX/eglibc-2.19/stdlib/divrem.c
cfn=(512) __mpn_divrem
calls=40 56 
* 1731
+1 160
+4 40
-4 40
+1 40
+2 40
+1 240
+1 32
-1 32
+6 32
+11 32
-10 32
+10 144

fl=(44)
fn=(178)
27 4
-1 4
+1 4
+4 8
-3 8

fl=(128) /build/eglibc-oGUzwX/eglibc-2.19/stdio-common/fprintf.c
fn=(558) fprintf
27 64
+4 1
+1 1
-1 5
+1 1
cfi=(83)
cfn=(348)
calls=1 235 
* 2527
-1 7
+1 7
-1 35
+1 7
cfi=(83)
cfn=(348)
calls=7 235 
* 2149
+4 16

fl=(56)
fn=(232) handle_intel
306 4
-1 4
+17 2
-17 12
+14 2
+1 4
-3 6
+23 10
cfn=(234) intel_check_word
calls=2 162 
* 636
+1 4
+3 10
cfn=(234)
calls=2 162 
* 167
+1 4
-17 4
+5 2
-5 4
+5 2
+2 2
+1 2
-1 4
+27 16

fn=(230)
550 1
+13 1
-13 1
+13 1
-13 1
+13 1
+7 2
+2 3
cfn=(232)
calls=1 306 
* 431
+4 2
-4 1
+4 1
cfn=(232)
calls=1 306 
* 470
+2 1
-2 1
-1 1
+3 1
+29 1
-18 1
+18 3
+7 2
+9 20
-9 12
+6 6
-6 3
+6 2
+49 4
+75 2
+2 1
+1 1
+2 1
-3 1
+5 1
-5 1
+4 3
+4 2
+2 1
+1 1
+2 1
-3 1
+5 1
+2 1
-7 1
+4 2
+3 1
-3 1
+3 2
-93 5
-45 2
+6 5
+7 2
+4 4
+2 4
-6 4
+4 1
-2 1
+2 1
-4 3
+4 1
-2 1
+2 1
+15 2
-8 1
+2 2
+1 1
-1 2
+1 1
+1 1

fn=(234)
162 8
+6 4
-7 8
+7 8
-7 4
+7 8
-7 4
+7 4
+2 4
-2 4
+2 12
+2 4
+2 8
-2 6
+2 12
+8 20
+53 16
fi=(57) /build/eglibc-oGUzwX/eglibc-2.19/string/../bits/stdlib-bsearch.h
27 8
+1 16
+3 16
+1 8
fe=(56)
150 16
fi=(57)
31 12
+1 6
fe=(56)
150 12
+3 54
fi=(57)
29 46
+2 46
-2 46
+2 80
+1 40
fe=(56)
150 80
295 8
170 16
-6 2
300 16
fi=(57)
37 8
-8 18
fe=(56)
194 10
+5 10
-5 14
+34 3
-34 15
+5 6
+4 8
+7 8
+3 2
+2 4
-10 2
-2 2
+2 3
+12 2
+2 2
+1 2
-3 2
+2 2
-1 2
-1 2
+2 2
-1 6
+1 2
-2 4

fl=(132) /build/eglibc-oGUzwX/eglibc-2.19/libio/getc.c
fn=(618) getc
35 24
+3 24
-3 24
+3 360
+1 138
fi=(81)
904 48
+1 192
fe=(132)
42 72
-3 4
cfi=(76)
cfn=(364)
calls=2 363 
* 320
* 4

fl=(86) /build/eglibc-oGUzwX/eglibc-2.19/libio/iofgets.c
fn=(358) fgets
35 12
+5 12
-5 36
+5 12
+2 36
+8 228
+4 12
+2 12
-1 24
+1 60
-2 12
+2 12
cfi=(87)
cfn=(360)
calls=12 -18 
* 4762
+3 36
+8 24
fi=(81)
904 12
fe=(86)
67 12
fi=(81)
904 12
+1 108
fe=(86)
70 60
-11 24
+5 36

fl=(93)
fn=(406)
50 1
+1 1
+2 1
+1 1
+1 1
+5 1

fl=(102)
fn=(440)
46 4
+1 4
cfi=(103)
cfn=(442)
calls=4 -13 
* 148
+2 12
+3 12

fl=(117)
fn=(498)
20 4
+1 4
-2 4
+1 4
+3 4
-2 4
+1 12
+1 12
+1 4

fl=(123)
fn=(512)
56 360
+3 40
-3 200
+3 40
+13 40
+1 40
-16 40
+18 80
+6 160
+1 91
+1 11
-1 22
+1 22
-1 22
+4 40
-2 40
+2 80
+3 40
244 40
91 40
244 280
77 1
+1 2

fl=(40)
fn=(180)
140 1
+1 1
+4 1
+1 1
+1 1
+11 1

fn=(396)
88 1
+1 1
+4 1
+1 1
+1 1
+8 1
+1 1
+1 1
+2 1

fn=(170)
114 1
+1 1
+1 1
cfi=(41)
cfn=(172)
calls=1 -62 
* 93
+3 1
+1 1
+1 1
+11 1

fl=(104)
fn=(444)
31 4
-3 4
+3 28
+8 4
-6 8
+7 4

fl=(68) /build/eglibc-oGUzwX/eglibc-2.19/stdlib/../sysdeps/posix/system.c
fn=(292) do_system
55 2
+11 4
+2 2
-13 8
+11 2
-2 2
+1 2
+1 38
+2 8
+1 10
+2 8
cfi=(69)
cfn=(294)
calls=2 -34 
* 218
* 4
+5 8
cfi=(69)
cfn=(294)
calls=2 -39 
* 218
* 4
+7 8
+5 6
fi=(142) /build/eglibc-oGUzwX/eglibc-2.19/stdlib/../sysdeps/unix/sysv/linux/bits/sigset.h
+29 2
fe=(68)
-29 4
cfi=(71)
cfn=(298)
calls=2 -49 
* 14
* 4
+24 12
+4 14
+4 2
-4 2
+4 2
+19 6
+9 6
cfi=(72) /build/eglibc-oGUzwX/eglibc-2.19/posix/../sysdeps/unix/sysv/linux/waitpid.c
cfn=(300) waitpid
calls=2 26 
* 22
* 12
+5 4
+4 12
+1 4
+1 8
cfi=(69)
cfn=(294)
calls=2 37 
* 142
+1 2
-1 2
+1 6
cfi=(69)
cfn=(294)
calls=2 37 
* 142
-1 4
+12 8
+2 2
+1 10
-13 8
cfi=(71)
cfn=(298)
calls=2 39 
* 14
* 4

fn=(290) system
179 4
+5 2
cfn=(292)
calls=2 55 
* 1026

fl=(112)
fn=(480)
39 3
-6 12
+6 6
+1 12
+6 6
+1 3

fl=(65)
fn=(278)
26 1
+9 1
+1 2
+1 1
+4 1
+1 1
+1 1
+1 1
+1 1
+2 2
+2 1
+1 1
+3 2
+2 1
+9 1
cfi=(66) /build/eglibc-oGUzwX/eglibc-2.19/setjmp/sigjmp.c
cfn=(280) __sigjmp_save
calls=1 -35 
* 9

fl=(116)
fn=(496)
27 4
-1 4
+1 4
+1 8
+1 4
+1 4

fl=(99)
fn=(424)
126 9
+5 1
-5 2
+5 2
cob=(1)
cfi=(2)
cfn=(46)
calls=1 837 
* 2
+2 2
cob=(1)
cfi=(100)
cfn=(432)
calls=1 +49 
* 32
cob=(1)
cfi=(60)
cfn=(250)
calls=1 -99 
* 1145
* 5
+2 2
30 1
+1 1
-1 1
+1 1
+3 2
+5 1
+6 1
-7 1
+2 2
+2 1
-2 1
+2 1
+3 1
+5 7
+2 1
+1 2
-1 1010
+1 2020
+2 4930
+6 11075
+2 8860
+1 16270
+7 2215
-2 2215
+2 5441
-21 2022
+49 3
+1 1
+1 3
+3 2
+37 3
cob=(1)
cfi=(2)
cfn=(48)
calls=1 843 
* 2
+3 9
-28 1
+1 1
+21 2

fl=(82) /build/eglibc-oGUzwX/eglibc-2.19/stdio-common/printf.c
fn=(346) printf
28 144
+4 3
-4 3
+5 3
-1 15
+1 9
cfi=(83)
cfn=(348)
calls=3 235 
* 14638
-1 12
-4 12
+5 12
-1 60
+1 36
cfi=(83)
cfn=(348)
calls=12 235 
* 24972
+4 30

fl=(106) /build/eglibc-oGUzwX/eglibc-2.19/stdlib/atof.c
fn=(464) atof
27 6
cfi=(107)
cfn=(466)
calls=3 +42 
* 1386

fl=(45)
fn=(182)
31 1
-1 1
fi=(43)
+14 1
fe=(45)
-13 2
fi=(43)
+14 1
fe=(45)
-14 1
fi=(43)
+12 1
+5 3
+1 2
+13 2
-17 3
+3 9
+1 6
+13 6
-17 9
+22 1
fe=(45)
-36 2
+3 2
-3 1
+3 1
cfi=(44)
cfn=(178)
calls=1 -7 
* 7
+1 3
+1 3

fl=(66)
fn=(280)
29 2
-1 2
+1 2
+5 3

fl=(133)
fn=(626)
104 1
-1 1
+1 2
cfn=(628) __run_exit_handlers
calls=1 -69 
* 2638

fn=(628)
35 8
+5 1
cfi=(134)
cfn=(630)
calls=1 +42 
* 1018
* 1
+6 8
+4 6
+3 1
-1 1
+2 5
+33 1
+1 1
-1 1
+1 1
+6 2
+1 5
cfi=(76)
cfn=(680)
calls=1 1010 
* 284
* 3
+2 2
cfi=(138)
cfn=(690)
calls=1 -69 
* 5
-19 1
+4 2
-2 2
+2 1
cob=(1)
cfi=(135)
cfn=(638)
calls=1 +49 
* 1277
+1 1

fl=(120)
fn=(504)
57 44
+6 4
-6 8
+6 4
+13 4
-1 8
+5 4
+1 8
+9 12
cfi=(121)
cfn=(506)
calls=4 -58 
* 128
+2 4
+5 4
-5 8
+1 4
+4 4
+54 32

fl=(88)
fn=(380)
25 12
+1 12
+2 12
+1 12
+1 12
+1 12
+2 12
+1 12
+2 12
+1 12
+2 12
+1 12
+1 12
+1 12
+2 12
+1 2
+1 2
+1 2
+1 2
+1 2
+1 2
+1 2
+1 2
199 2
+1 2
+31 2
+1 2
+1 2
+1 2
+1 2
+1 2
+37 12
+1 12
+1 12
+1 12
+1 12

fl=(63)
fn=(258)
57 6
-22 2
cfn=(260) __new_exitfn
calls=1 +38 
* 38
+2 2
+4 1
+3 1
+1 1
-4 2
+2 1
+4 1
+1 1
+11 4

fn=(260)
73 1
+6 2
-6 3
+6 4
+2 4
-7 2
+9 3
-2 1
+10 1
-10 3
+45 1
+1 1
+3 4
+3 5
-21 1
+1 2

fl=(54)
fn=(226)
24 1
+1 1
+1 1
+1 1
+1 1
+1 1
+1 1
+1 1
+1 1
+1 1
+1 1
+1 1
+1 1
+1 1
+1 1
+1 1
+1 1
+1 1
+1 1
+1 1
+1 1
+1 1
+1 1
+1 1

fl=(72)
fn=(300)
26 6
+5 14
+15 2

fl=(109)
fn=(472)
29 7
+1 7
+2 7
+1 7
+1 7
+12 7
+1 7
+1 7
+1 7
+1 7
+1 7
+1 7
+6 7
+1 7
+1 7

fl=(114)
fn=(490)
53 2
+1 2
+1 2
+1 2
+1 2
+2 2
+1 2
+17 2
+1 2
+1 2
+1 2
+1 2
+1 2
+1 2
+1 2
+1 2
+1 2
+1 2
+1 2
+1 2
+1 4
+3 2
+1 2
+1 2
+1 2
+1 2
+1 2
+1 2
-6 1619
+1 1619
+1 1619
+1 1619
+1 1619
+1 1619
+1 1619
+1 2

fl=(130) /build/eglibc-oGUzwX/eglibc-2.19/libio/feof.c
fn=(606) feof
36 25
-3 25
+3 475
+1 75
+1 250
+2 50

fl=(119)
fn=(502)
42 16
+2 8
+1 8
+1 16
+8 40

fl=(46)
fn=(186)
49 1
-49 12

fl=(127)
fn=(550)
53 16
+10 6
+2 4
+1 2
+23 16
-26 2
-5 4

fl=(89)
fn=(382)
61 20
+2 20
+2 20
+3 20
+1 20
+2 2
+1 2
+2 2
+1 2
+5 2
+1 2
-1 18
+1 18
+2 3
+1 3
+2 3
+1 6
+5 3
+1 3
-1 17
+1 17
+2 11
+1 11
+2 11
+1 11
+5 11
+1 11
-1 9
+1 9
+2 3
+1 3
+2 3
+1 3
+5 3
+1 3
-1 17
+1 27
+5 10
+1 10
+1 10
+1 10
+2 10
+2 10
+1 10
+2 10
+8 20

ob=(4)
fl=(49)
fn=(654)
0 8
cob=(3)
cfi=(136)
cfn=(666)
calls=1 31 
0 59
cob=(1)
cfi=(60)
cfn=(250)
calls=1 34 
0 684
0 5
0 1
cfn=(672) 0x00000000000005c0
calls=1 0 
0 9
0 3

fn=(672)
0 9

fn=(210)
0 16

ob=(5)
fl=(59)
fn=(262)
0 16
cob=(2)
cfi=(14)
cfn=(264) 0x0000000000400838
calls=1 0 
0 6
0 7
cfn=(268) 0x0000000000400a80
calls=1 0 
0 15
0 11

fn=(268)
0 15

fn=(646) 0x00000000004009f0
0 8

fn=(642)
0 5
cfn=(646)
calls=1 0 
0 8
0 3

fn=(242)
0 11
cob=(3)
cfi=(62)
cfn=(256)
calls=1 133 
0 611286
cob=(1)
cfi=(60)
cfn=(250)
calls=1 34 
0 932
0 5

fl=(92) /home/ubuntu/workspace/pr2/main_functions.c
fn=(448) CHECKSYMB
29 920
+1 12052
+1 92
+2 184
+1 3569
+4 45
+3 184
+2 8120
+1 92
-3 552
cob=(3)
cfi=(74)
cfn=(308)
calls=92 +25 
* 6618
* 92
* 9192
cob=(3)
cfi=(74)
cfn=(308)
calls=1532 +25 
* 115776
* 1532
* 460
cob=(3)
cfi=(74)
cfn=(308)
calls=92 +25 
* 6618
* 92
* 6864
+7 92
+1 644

fn=(600) LOAD
351 8
+4 2
+1 400
cob=(3)
cfi=(96)
cfn=(418)
calls=200 2876 
* 33056
* 200
* 800
+1 800
-2 602
+5 5
cfn=(446) SEPCOMMAND
calls=1 52 
* 45956
* 2
+1 2
+1 4
cob=(3)
cfi=(74)
cfn=(308)
calls=1 66 
* 16
* 1
* 4
+1 4
cob=(3)
cfi=(74)
cfn=(308)
calls=1 66 
* 16
* 1
* 4
+1 4
cob=(3)
cfi=(74)
cfn=(308)
calls=1 66 
* 16
* 1
* 4
+1 4
cob=(3)
cfi=(74)
cfn=(308)
calls=1 66 
* 16
* 1
* 4
+1 1
+1 4
cob=(3)
cfi=(91)
cfn=(398)
calls=1 180 
* 24
* 1
* 2
+7 4
cob=(3)
cfi=(126)
cfn=(528)
calls=1 103 
* 475
* 1
* 3
+1 1
+1 43
+1 1
+1 1
+2 72
cob=(3)
cfi=(132)
cfn=(618)
calls=24 35 
* 1210
cob=(1)
cfi=(60)
cfn=(250)
calls=1 34 
* 767
* 28
* 24
+1 72
cob=(3)
cfi=(131)
cfn=(612)
calls=24 36 
* 864
* 24
* 48
+3 48
+1 3
cob=(3)
cfi=(130)
cfn=(606)
calls=1 36 
* 36
* 1
* 2
+4 2
+3 23
+1 46
+1 23
+1 92
cob=(3)
cfi=(91)
cfn=(398)
calls=23 180 
* 552
* 23
* 46
+1 38
+1 15
cfn=(448)
calls=3 29 
* 1518
* 6
+5 80
cfn=(448)
calls=16 29 
* 27700
* 32
+5 95
cob=(3)
cfi=(94)
cfn=(408)
calls=19 32 
* 684
* 19
* 19
+2 8
+1 5
cob=(3)
cfi=(95)
cfn=(458)
calls=1 47 
* 20
* 1
+1 2
+1 2
+1 6
+1 6
cob=(3)
cfi=(95)
cfn=(458)
calls=1 47 
* 20
* 1
+1 2
+1 2
+1 4
+1 3
cob=(3)
cfi=(106)
cfn=(464)
calls=1 27 
* 536
* 1
* 3
+1 2
+1 2
+1 2
+1 6
cob=(3)
cfi=(95)
cfn=(458)
calls=1 47 
* 20
* 1
+1 2
+1 1
+1 1
+4 48
+1 80
cfi=(113) /home/ubuntu/workspace/pr2/base_functions.c
cfn=(482) BASE_INSERT
calls=1 60 
* 5326
* 2
+5 1
+1 1
-58 3
cob=(3)
cfi=(130)
cfn=(606)
calls=1 36 
* 36
* 1
* 69
cob=(3)
cfi=(130)
cfn=(606)
calls=23 36 
* 828
cob=(1)
cfi=(60)
cfn=(250)
calls=1 34 
* 760
* 27
* 120
cob=(3)
cfi=(131)
cfn=(612)
calls=24 36 
* 864
cob=(1)
cfi=(60)
cfn=(250)
calls=1 34 
* 766
* 28
* 48
+65 1
+10 7

fn=(446)
52 30
+1 5
+1 5
+1 5
+1 5
+2 10
+2 474
+1 79
+2 316
cob=(3)
cfi=(91)
cfn=(398)
calls=79 180 
* 1896
* 79
* 158
+1 12
+1 24
+4 67
+1 134
+1 17
+2 17
+3 34
-3 50
+3 124
+3 335
cfn=(448)
calls=67 -50 
* 142208
* 201
+5 174
+1 30
cfn=(448)
calls=6 -56 
* 2364
* 18
+5 158
+4 362
+1 88
+1 380
cob=(3)
cfi=(94)
cfn=(408)
calls=38 -64 
* 1389
* 38
* 38
+4 24
cob=(3)
cfi=(91)
cfn=(398)
calls=6 +80 
* 252
* 6
* 12
+4 24
cob=(3)
cfi=(91)
cfn=(398)
calls=6 +76 
* 252
* 6
* 12
+19 60
cob=(3)
cfi=(94)
cfn=(408)
calls=6 -91 
* 216
* 6
-65 474
cob=(3)
cfi=(74)
cfn=(308)
calls=79 +8 
* 3758
* 79
* 25
cob=(3)
cfi=(74)
cfn=(308)
calls=5 +8 
* 220
* 5
* 168
+70 10
+1 20

fn=(592) DELETE
242 8
+5 2
+1 400
cob=(3)
cfi=(96)
cfn=(418)
calls=200 2876 
* 36800
* 200
* 800
+1 800
-2 602
+5 5
cfn=(446)
calls=1 52 
* 18913
* 2
+2 5
cfn=(450) CHECKUNIQ
calls=1 132 
* 79
* 2
+2 5
cob=(3)
cfi=(95)
cfn=(458)
calls=1 47 
* 20
* 1
+1 6
cob=(3)
cfi=(95)
cfn=(458)
calls=1 47 
* 20
* 1
+1 2
+1 2
+2 80
cfi=(113)
cfn=(594) BASE_DELETE
calls=1 12 
* 960
* 2
+1 2
+17 7

fn=(400) TREATCOMMAND
6 54
+2 9
+1 9
+1 18
+2 18
+2 264
+1 44
+2 176
cob=(3)
cfi=(91)
cfn=(398)
calls=44 180 
* 1056
* 44
* 88
+1 5
+3 88
+1 195
cob=(3)
cfi=(94)
cfn=(408)
calls=39 +10 
* 1404
cob=(1)
cfi=(60)
cfn=(250)
calls=1 +12 
* 776
* 43
-10 264
cob=(3)
cfi=(74)
cfn=(308)
calls=44 +54 
* 1738
* 44
* 45
cob=(3)
cfi=(74)
cfn=(308)
calls=9 +54 
* 348
* 9
* 204
+14 36

fn=(450)
132 15
+1 6
+2 3
+2 10
cob=(3)
cfi=(91)
cfn=(398)
calls=2 +43 
* 48
* 2
* 16
cob=(3)
cfi=(91)
cfn=(398)
calls=2 +43 
* 48
* 2
* 4
+2 4
-4 6
+9 1
+1 6

fn=(492) SHOWDATA
148 12
+1 8
+2 4
+5 6
-4 6
+2 6
-1 3
-1 15
cob=(3)
cfi=(82)
cfn=(346)
calls=3 28 
* 14725
* 3
+5 9
-6 14
+9 4
+1 8

fn=(518) UPDATE
203 8
+5 2
+1 400
cob=(3)
cfi=(96)
cfn=(418)
calls=200 2876 
* 36930
* 200
* 800
+1 800
-2 602
+5 5
cfn=(446)
calls=1 52 
* 28122
* 2
+2 5
cfn=(450)
calls=1 -83 
* 79
* 2
+2 5
cob=(3)
cfi=(95)
cfn=(458)
calls=1 47 
* 20
* 1
+1 6
cob=(3)
cfi=(95)
cfn=(458)
calls=1 47 
* 20
* 1
+1 6
cob=(3)
cfi=(95)
cfn=(458)
calls=1 47 
* 23
* 1
+1 3
cob=(3)
cfi=(106)
cfn=(464)
calls=1 27 
* 428
* 1
* 3
+2 80
cfi=(113)
cfn=(520) BASE_UPDATE
calls=1 42 
* 109
* 2
+1 2
+17 7

fn=(522) SAVE
281 8
+2 2
+2 2
+1 400
cob=(3)
cfi=(96)
cfn=(418)
calls=200 2876 
* 36800
* 200
* 800
+1 800
-2 602
+5 5
cfn=(446)
calls=1 52 
* 45653
* 2
+1 2
+1 4
cob=(3)
cfi=(74)
cfn=(308)
calls=1 66 
* 16
* 1
* 4
+1 4
cob=(3)
cfi=(74)
cfn=(308)
calls=1 66 
* 16
* 1
* 4
+1 4
cob=(3)
cfi=(74)
cfn=(308)
calls=1 66 
* 16
* 1
* 4
+1 4
cob=(3)
cfi=(74)
cfn=(308)
calls=1 66 
* 16
* 1
* 4
+1 1
+1 4
cob=(3)
cfi=(91)
cfn=(398)
calls=1 180 
* 24
* 1
* 2
+7 4
cob=(3)
cfi=(126)
cfn=(528)
calls=1 103 
* 1108
cob=(1)
cfi=(60)
cfn=(250)
calls=1 34 
* 752
* 5
* 3
+2 1
+1 6
cob=(3)
cfi=(128)
cfn=(558)
calls=1 27 
* 630
cob=(1)
cfi=(60)
cfn=(250)
calls=1 34 
* 782
* 5
* 2
+3 5
cob=(3)
cfi=(128)
cfn=(558)
calls=1 27 
* 204
* 1
* 2
+3 7
cob=(3)
cfi=(128)
cfn=(558)
calls=1 27 
* 411
* 1
* 2
+3 5
cob=(3)
cfi=(128)
cfn=(558)
calls=1 27 
* 204
* 1
* 2
+3 9
cob=(3)
cfi=(128)
cfn=(558)
calls=1 27 
* 2552
* 1
* 2
+3 5
cob=(3)
cfi=(128)
cfn=(558)
calls=1 27 
* 204
* 1
* 2
+3 7
cob=(3)
cfi=(128)
cfn=(558)
calls=1 27 
* 411
* 1
* 2
+3 5
cob=(3)
cfi=(128)
cfn=(558)
calls=1 27 
* 204
* 1
* 2
+3 3
-25 4
+27 3
cob=(3)
cfi=(129)
cfn=(564)
calls=1 40 
* 1121
cob=(1)
cfi=(60)
cfn=(250)
calls=1 34 
* 791
* 5
* 2
+1 2
+15 7

fn=(412) INSERT
163 8
+6 2
+1 400
cob=(3)
cfi=(96)
cfn=(418)
calls=200 2876 
* 95658
cob=(1)
cfi=(60)
cfn=(250)
calls=1 34 
* 775
* 204
* 800
+1 800
-2 602
+5 5
cfn=(446)
calls=1 52 
* 18309
* 3
+1 5
cfn=(450)
calls=1 -43 
* 13
* 2
+2 5
cob=(3)
cfi=(95)
cfn=(458)
calls=1 47 
* 20
cob=(1)
cfi=(60)
cfn=(250)
calls=1 34 
* 784
* 5
+1 6
cob=(3)
cfi=(95)
cfn=(458)
calls=1 47 
* 20
* 1
+1 6
cob=(3)
cfi=(95)
cfn=(458)
calls=1 47 
* 20
* 1
+1 3
cob=(3)
cfi=(106)
cfn=(464)
calls=1 27 
* 428
cob=(1)
cfi=(60)
cfn=(250)
calls=1 34 
* 769
* 5
* 3
+2 80
cfi=(113)
cfn=(482)
calls=1 60 
* 7676
* 2
+1 2
+18 7

fl=(113)
fn=(520)
42 3
+1 2
+2 1
+1 4
cob=(3)
cfi=(91)
cfn=(398)
calls=1 180 
* 24
* 1
* 2
+1 6
cob=(3)
cfi=(91)
cfn=(398)
calls=1 180 
* 24
* 1
* 2
+2 3
+1 6
cob=(3)
cfi=(95)
cfn=(458)
calls=1 -3 
* 23
* 1
+1 2
-6 2
+12 2

fn=(482)
60 6
+1 4
+1 4
+2 4
+17 6
cob=(3)
cfi=(96)
cfn=(488)
calls=2 3161 
* 12016
cob=(1)
cfi=(60)
cfn=(250)
calls=1 -47 
* 774
* 6
* 2
+1 6
+3 160
+1 4
+1 4
+3 2
+1 4

fn=(594)
12 3
+1 2
+2 1
+1 4
cob=(3)
cfi=(91)
cfn=(398)
calls=1 180 
* 24
* 1
* 2
+1 6
cob=(3)
cfi=(91)
cfn=(398)
calls=1 180 
* 24
* 1
* 2
+2 8
+1 2
+12 3
cob=(3)
cfi=(96)
cfn=(588)
calls=1 2917 
* 121
cob=(1)
cfi=(60)
cfn=(250)
calls=1 +2 
* 745
* 5
+1 2
-18 2
+24 2

fl=(67)
fn=(340) WRITELEFT
9 24
+1 36
cob=(3)
cfi=(82)
cfn=(346)
calls=12 +18 
* 25224
cob=(1)
cfi=(60)
cfn=(250)
calls=1 +24 
* 775
* 16
+1 24

fn=(622) SHOWHELP
25 2
+1 2
cob=(3)
cfi=(73)
cfn=(306)
calls=1 +8 
* 12687
* 1
+1 2
cob=(3)
cfi=(73)
cfn=(306)
calls=1 +7 
* 504
* 1
+1 2
cob=(3)
cfi=(73)
cfn=(306)
calls=1 +6 
* 718
* 1
+1 2
cob=(3)
cfi=(73)
cfn=(306)
calls=1 +5 
* 3611
* 1
+1 2
cob=(3)
cfi=(73)
cfn=(306)
calls=1 +4 
* 9715
* 1
+1 2
cob=(3)
cfi=(73)
cfn=(306)
calls=1 +3 
* 3610
* 1
+1 2
cob=(3)
cfi=(73)
cfn=(306)
calls=1 +2 
* 397
* 1
+1 2
cob=(3)
cfi=(73)
cfn=(306)
calls=1 +1 
* 550
* 1
+1 2
cob=(3)
cfi=(73)
cfn=(306)
calls=1 * 
* 12692
* 1
+1 2

fn=(282)
38 6
+2 20
+1 2
+1 2
+1 2
+2 2
cfn=(284) WRITEHEADER
calls=1 -31 
* 11805
+2 1
+1 39
+3 2
cfn=(340)
calls=1 -42 
* 2889
* 22
cfn=(340)
calls=11 -42 
* 23210
+1 60
cob=(3)
cfi=(86)
cfn=(358)
calls=12 -17 
* 5554
cob=(1)
cfi=(60)
cfn=(250)
calls=1 -18 
* 759
* 16
+1 36
cob=(3)
cfi=(74)
cfn=(308)
calls=12 +13 
* 444
cob=(1)
cfi=(60)
cfn=(250)
calls=1 -19 
* 767
* 16
* 24
+1 60
cob=(3)
cfi=(91)
cfn=(398)
calls=12 180 
* 288
cob=(1)
cfi=(60)
cfn=(250)
calls=1 -20 
* 787
* 16
* 24
+1 2
+2 55
cob=(3)
cfi=(91)
cfn=(398)
calls=11 180 
* 264
* 11
* 22
+2 2
cfn=(622)
calls=1 -34 
* 44515
* 1
+2 50
cob=(3)
cfi=(91)
cfn=(398)
calls=10 180 
* 240
* 10
* 20
+2 2
cfn=(624) CLEANSCREEN
calls=1 -43 
* 523
* 1
+4 45
cfi=(92)
cfn=(400)
calls=9 -61 
* 6979
+1 36
cob=(3)
cfi=(91)
cfn=(398)
calls=9 180 
* 216
* 9
* 18
+1 3
cfi=(92)
cfn=(412)
calls=1 +94 
* 127429
* 2
+1 2
cob=(3)
cfi=(73)
cfn=(306)
calls=1 -36 
* 3020
* 1
* 1
+4 32
cob=(3)
cfi=(91)
cfn=(398)
calls=8 180 
* 192
* 8
* 16
+1 3
cfi=(92)
cfn=(518)
calls=1 203 
* 68675
* 2
+1 2
cob=(3)
cfi=(73)
cfn=(306)
calls=1 -42 
* 3126
* 1
* 1
+4 28
cob=(3)
cfi=(91)
cfn=(398)
calls=7 180 
* 315
* 7
* 14
+1 3
cfi=(92)
cfn=(592)
calls=1 242 
* 59726
* 2
+1 2
cob=(3)
cfi=(73)
cfn=(306)
calls=1 -48 
* 2808
* 1
* 1
+4 24
cob=(3)
cfi=(91)
cfn=(398)
calls=6 +94 
* 144
* 6
* 12
+1 8
cfi=(92)
cfn=(492)
calls=4 +61 
* 14823
* 4
+1 8
cob=(3)
cfi=(91)
cfn=(398)
calls=2 +92 
* 48
* 2
* 4
+1 3
cfi=(92)
cfn=(522)
calls=1 281 
* 94898
* 2
+1 2
cob=(3)
cfi=(73)
cfn=(306)
calls=1 -56 
* 3232
* 1
* 1
+4 4
cob=(3)
cfi=(91)
cfn=(398)
calls=1 +86 
* 24
* 1
* 2
+1 3
cfi=(92)
cfn=(600)
calls=1 351 
* 126381
* 2
+1 2
cob=(3)
cfi=(73)
cfn=(306)
calls=1 -62 
* 3470
* 1
* 1
+7 24
+2 1
+1 5

fn=(624)
20 2
+1 2
cob=(3)
cfi=(68)
cfn=(290)
calls=1 179 
* 516
* 1
+1 2

fn=(284)
14 2
+1 2
cob=(3)
cfi=(68)
cfn=(290)
calls=1 179 
* 516
cob=(1)
cfi=(60)
cfn=(250)
calls=1 +19 
* 766
* 5
+1 2
cob=(3)
cfi=(73)
cfn=(306)
calls=1 +18 
* 9761
cob=(1)
cfi=(60)
cfn=(250)
calls=1 +18 
* 744
* 5
+1 2

ob=(2)
fl=(14)
fn=(678)
0 3

fn=(206)
0 6

fn=(652)
0 3

fn=(264)
0 6

totals: 712331
